
[0.14582428023626554, 0.1378251576835966, 0.1362123706734666]
[0.13974316755611538, 0.13657595475502315, 0.13683202635321354]
[0.13995571611035054, 0.12355730905233742, 0.12321045700746208]
[0.14540957911367972, 0.1364677463065672, 0.13733225631499582, 0.13873945674460222]
[0.16151049241953522, 0.13961005719405148, 0.13653979163503, 0.1358677354776782, 0.13653196992344938]
[0.15121298679003098, 0.12989491948524345, 0.12433302070574867, 0.12469442280696535, 0.12304294033582401, 0.12242780085535032, 0.12263691167838578, 0.12358300229906954]
[0.13780325022542136, 0.13838043114101387, 0.13666529312448827, 0.13981707942650992]
[0.14677190837306656, 0.1385623431553376, 0.1360774550895583, 0.13795384951634712]
[0.1515470511306454, 0.14246807989657365, 0.1361196884236401, 0.1398873676812478]
[0.14178355563340236, 0.13165730946783755, 0.12550734898776852, 0.1260446228587254]
[0.14388823439834103, 0.1410328421134242, 0.1407515114631112]
[0.14164563862898572, 0.12316955150322574, 0.1223875190853814]
[0.15111674255646124, 0.14359612102225508, 0.1337576730364531, 0.1372428501533857]
[0.1487623469831825, 0.13440385306633298, 0.12326887587936673, 0.1225056431569078, 0.1247881957627926]
[0.14293308752444775, 0.12702197998318063, 0.12312830520861298, 0.12345275571721256]
[0.14631731530482614, 0.1393772276112825, 0.12982915586329652, 0.1271868954309953, 0.12371676845957037, 0.12224443465279229, 0.12063528289590848, 0.12421432438751233]
[0.15495565754169305, 0.14857778463097854, 0.1463338795040596, 0.14415504717982502, 0.13727821368301693, 0.13730381052593854]
[0.14788780635523524, 0.12266960929726592, 0.12443131739812333]
[0.14466731310025022, 0.1380962643983003, 0.1442275821964074]
[0.14474963366106597, 0.139709712832177, 0.13902892816128987, 0.13581964661022802, 0.1374079479596964]