
[0.21682841934259853, 0.21874373529838453, 0.2164984200591312]
[0.2529366011835511, 0.25593197112846344]
[0.275893733748255, 0.276877114228262]
[0.3173896938047059, 0.3191385659793711]
[0.3045873314597403]
[0.2823283783353853, 0.28141328045839986]
[0.22145305564659662, 0.218295291069158, 0.21932544145151317, 0.21936293290894582]
[0.22665034923639293]
[0.22271087227743275, 0.22113996448599546, 0.2201506752375159]
[0.27270587516974815, 0.274458967615787]
[]
[0.2787308825061623, 0.2809061473917119]
[0.25345001747994644, 0.2564660194336799, 0.25180305903137035, 0.2523173455974839, 0.25315572941555636]
[0.3068011413038076, 0.3103138879878748]
[0.3211348651024657, 0.32088294505115866, 0.32042539785507523, 0.3175018942089006]
[0.2754986752847687, 0.2745483720908806, 0.2781936389940182, 0.2768136069566356, 0.2791755397758633]
[0.39172931909511444, 0.390217300799976, 0.38572297969592323]
[0.46809042595097705]
[0.26130987247306203]
[0.3874236864622466, 0.38851612110318773, 0.3911648445607096]