
[0.45879689318845035, 0.7551779217670889, 0.6636087676950413, 0.6631895950040898, 0.7370487334448458, 0.7086556285815279, 0.7185425675872731, 0.7227354654019911, 0.72069702264205, 0.7120692026137265, 0.6320499126654743, 0.6203624714168586, 0.618396121865461, 0.6162686485936056, 0.6212884757493617, 0.6164696034941008, 0.6184965079559324, 0.6242731392938927, 0.6148730470126297, 0.6195518812227846, 0.614055594292535, 0.615246521134921, 0.6250598898566093, 0.6180633542146268, 0.6182037924572917, 0.6142079206440827, 0.6225579319803581, 0.6231494735826678, 0.6190083350885067, 0.6230866111648908, 0.6136053667436027, 0.6223659269154564]
[0.5730622177500174, 0.900439574249067, 0.7228403725878704, 0.6584156485254057, 0.6050627879960121, 0.6143298007735633, 0.6232744536925087, 0.6300103281635434, 0.6196709015562368, 0.618099105724617, 0.6178121180515869, 0.626629403354456, 0.6153867622847373, 0.620844663522687, 0.6259942080122062, 0.624844523724933, 0.6220138206388599, 0.6200111740639354, 0.6205887555599418, 0.6297433729556439, 0.6237032731174927, 0.6260379327353932, 0.6209234375393413, 0.6192750520051583, 0.6237275874922086, 0.6190079826838515, 0.6293307025688252]
[0.5110466557934298, 0.4134761264244862, 0.6239194681026591, 0.5673172340854433, 0.5682153325749185, 0.568061536343298, 0.5701637992038502, 0.565734402074116, 0.5676032327552604, 0.5599518114312311, 0.5694425478325752, 0.5692930904088477, 0.5676146782160517, 0.5661902404179614, 0.5639504688452353, 0.5669379344148936, 0.5693193903235663, 0.5662946394308402, 0.5651528304342802, 0.5695817735779414, 0.565281048363468, 0.5684117072491559, 0.5607625659408275, 0.5687197493823648, 0.5668021836018576, 0.5689386671613545, 0.5660144549390715, 0.5670732964843279, 0.5667280029637672, 0.57349316920841, 0.5677337955986544]
[0.588155667636515, 0.7328659749328476, 0.7701688827777351, 0.6368754991588595, 0.6200002290263695, 0.5754876468209299, 0.5669732372218803, 0.5683020606177872, 0.43003039736684884, 0.4290843850367223, 0.4262860933641358, 0.4278278278349959, 0.42424258977979257, 0.42971011252623764, 0.4327864682328424, 0.43109889489397707, 0.43198208006097033, 0.42916499149085224, 0.43012526634530773, 0.43204846241325423, 0.4336582510890472, 0.42749977476119816, 0.427527962712742, 0.43015855304675976, 0.4239432864041281, 0.4289247152146067, 0.43356325871199103, 0.4309032513605623, 0.42772927749961925, 0.4265936760376993, 0.4321602734210194, 0.4308727283743627, 0.4278998973154401, 0.4275292372683781]
[0.42929340959938656, 0.5840961973370012, 0.4636400498929958, 0.38951015763567776, 0.4041676510332292, 0.40450043078756037, 0.6448265868100503, 0.6488357708456228, 0.6358260305635385, 0.6336455934497882, 0.6396443940880647, 0.6478351511457817, 0.6416055173927462, 0.6067393279972996, 0.527898876686367, 0.5368521523735076, 0.5229276500582547, 0.5301910744398161, 0.5245719686104339, 0.5279352169563283, 0.525038823841642, 0.525336418299489, 0.5221559411144293, 0.5286430726430532, 0.5274151126565052, 0.5248366832033019, 0.5296525992669586, 0.5258386550965194, 0.5294179319454997, 0.5308823836438239, 0.5258892957301428, 0.5252194091264905]
[0.5288736646810036, 0.5406555318604106, 0.46851781114927327, 0.4549018501991425, 0.5181183033846078, 0.5165001047800473, 0.519818416644733, 0.5196987700258939, 0.5159524948522117, 0.521128606501955, 0.5205231971293852, 0.5191140519028281, 0.5188232734836636, 0.5217066436471469, 0.5187002598265196, 0.5176556574599431, 0.5200079068403077, 0.5210814047959857, 0.5214257691032766, 0.5216998202004304, 0.5196245755801985, 0.5175142114978107, 0.5191011384260696, 0.5187449438136168, 0.5214907805412516, 0.5199323891706161]
[0.5870171783111863, 0.7383981359244688, 0.7468689621062158, 0.7441499122350281, 0.7419836841198789, 0.7382388055634959, 0.7423907841456195, 0.7517053585621378, 0.7666363967180927, 0.7641442136503205, 0.7586904325971535, 0.7617669293857214, 0.765345791542787, 0.7694393379486798, 0.7613434891425264, 0.7692132736635062, 0.7686067099329977, 0.7625132589689629, 0.7659410782383309, 0.7619850643819273, 0.7653581088656015, 0.7577455447484481, 0.7624905231624124, 0.7653571038183373, 0.7686788169903888, 0.7567379035258661, 0.7668587466214831, 0.7600798141122826, 0.7576298418651503, 0.7661270976375294]
[0.6234311992391083, 0.49890005004180066, 0.4732937336704948, 0.4653292639082614, 0.44544855177868414, 0.4439424869692606, 0.5094587484219587, 0.5093797817298171, 0.5098397491512667, 0.5074903549883459, 0.5080323759314813, 0.5063013462770989, 0.5068355561848403, 0.5034606841899573, 0.49991212067397073, 0.5077099156172269, 0.5043992523435771, 0.5021236145454202, 0.5010815860637869, 0.5096692173386702, 0.508236919436109, 0.5057850898460166, 0.504585244717693, 0.5040505413951887, 0.5026028265695424, 0.5047256927959887, 0.5027961683253521]
[0.5771370335264788, 0.6487678654819171, 0.7162888209394563, 0.8188622222024006, 0.8997865835665242, 0.8756255837795834, 0.628716849832075, 0.6289708688441475, 0.6285009185666395, 0.6265333101846032, 0.6214893020589619, 0.6281682243882312, 0.6332476134705799, 0.6357332126141704, 0.6340446902419502, 0.6361371731931524, 0.6334835865182992, 0.633526858930834, 0.6337222232941705, 0.6314260437284133, 0.6298288266273457, 0.631054522377171, 0.6339936225900779, 0.6407067861091138, 0.6358019220165846, 0.6331381754218942, 0.6306919145939854, 0.6255473564107735, 0.6305941789341859, 0.6354179024446959, 0.625809027837304, 0.632138429828281, 0.6344801189678869, 0.6324529712393976, 0.6377222079842884, 0.6290162574788029]
[0.6084500908267096, 0.7410308260478885, 0.5688683936614148, 0.45942292013351443, 0.4317729850322593, 0.4112369928418283, 0.4145330140404783, 0.4998023274547531, 0.4852718210681301, 0.47647236890200884, 0.4808866721379243, 0.48237958372295436, 0.4827386127829759, 0.479949061290529, 0.4842193669854453, 0.48125976662155606, 0.47779039107582066, 0.4772338260466345, 0.47843137202224345, 0.482448916814288, 0.48389857667081554, 0.48318715513965, 0.48067744370540016, 0.48088535684999684, 0.47997429353685456, 0.47939350194751384, 0.4852107113211407, 0.4827235023083163, 0.48040387656020606, 0.4797734890933039]
[0.623429540283896, 0.5365503891436469, 0.6153335917627648, 0.5906058290131797, 0.585806906027323, 0.5838182632559549, 0.5134270742607663, 0.5041454040775708, 0.5068622213224608, 0.5046082511288065, 0.5037546017750527, 0.5053709587631958, 0.5019833173669548, 0.5119865944030655, 0.5070373348413895, 0.5043471053150103, 0.5034017088334635, 0.5062961601381017, 0.5042313582565366, 0.5030055325967357, 0.5076737865646015, 0.5107630629641944, 0.5083823789614655, 0.5002851756678889]
[0.5958442148829388, 0.5590091690530624, 0.5490199667966439, 0.6442137776438541, 0.6917678990812609, 0.695850825519875, 0.700673390011246, 0.49857237687544104, 0.5002112249402818, 0.5001008740602159, 0.5168330108235719, 0.5121403530542872, 0.5152734864886656, 0.515729474670042, 0.5200907250070883, 0.513736137683519, 0.5213026516182471, 0.5106863573466432, 0.515945367122911, 0.5144587626811935, 0.515860652702503, 0.5152167354963441, 0.5150645657284009, 0.5136497378759822, 0.5164802298434369, 0.5188708869906722, 0.51096484397483]
[0.5882295240936031, 0.6089165755606083, 0.6347534561455865, 0.6029623719742379, 0.6180489238806101, 0.8041291609068534, 0.8045163497157254, 0.7983402449708212, 0.8054800645439159, 0.8012348036070756, 0.8004999797061779, 0.7957082721376832, 0.7989336917955242, 0.804146005166352, 0.8089518111918569, 0.8043510815786615, 0.8102242983215872, 0.7993207116699154, 0.8037503614944319, 0.800962582398409, 0.802371991462821, 0.807246032897604, 0.801338028209091, 0.7989081144220634, 0.7984895349993943, 0.7993421661816674, 0.7993005384503175, 0.7991779495656477, 0.7973648953923022, 0.7997237829349794, 0.7989110665990656]