
[]
[0.5545735057135696, 0.5534171649468083, 0.5492765187116107]
[0.36914434138800256, 0.37053930199952245]
[0.3636414931638051]
[0.4636139495553778]
[0.4159151596266439]
[0.5035455384602665]
[0.41239795358803144, 0.4148634978616766]
[]
[0.32807737594488223]
[0.39495549452093137, 0.3891573489095276, 0.38672014175815755]
[0.3586940470087104]
[0.3479789597862933]
[0.3615965621540649]
[0.33892366463956053, 0.33946728062962517, 0.3340434228901066, 0.33717790663763647]
[0.38015348016619616]
[]
[0.31119656784502897, 0.31181038110949, 0.3067087447147181]
[0.334158716202071, 0.33350761894573716, 0.33190827458464744, 0.3359450335910345]
[0.4506664708167556, 0.44222663268853585]