
[0.33804299774168706, 0.33875975388645785, 0.3376537392464216, 0.3421588949732914]
[0.4012231597945279, 0.40095870775917203, 0.40059526122953304, 0.40185434057010233]
[0.29130053260508737, 0.2894712841676164, 0.28865177880309983]
[0.4347460646119237, 0.43982271534342465, 0.44168948372792555, 0.441995407107602]
[0.4440000415087699, 0.4476079133213578, 0.4491299733311265, 0.4487051238002351, 0.44382856721274283]
[0.35539333379774346, 0.35985199095363996, 0.35585562196127807, 0.36034633947300326]
[0.3830834864739918, 0.38796419898451523, 0.3841617196936757]
[]
[0.44224589496985917, 0.4465225014080645]
[0.3829117992602316, 0.38212822295723214]
[0.32980881045484783, 0.33024458473726503]
[0.39025312076394375, 0.3911474542187638]
[0.591847415483366, 0.5896010286615765, 0.5847910261573135]
[0.3981609345604027, 0.39289433118366907, 0.39825143877312025]
[0.30505274178514147, 0.3043731457138973]
[0.3853838371348549, 0.3848736772528472, 0.3853066868817372]
[]
[0.3153553154875174, 0.3115900338179157]
[0.35412610799965544, 0.3570901586038969]
[]