
[0.13176252371596286, 0.12278897828294381, 0.12057464999397641, 0.1207186889325781]
[0.1240326113073893, 0.11756224597026577, 0.10987781773944486, 0.10962435448510317]
[0.11307866572643434, 0.10800434787436507, 0.10268337702545126, 0.10451586435227354]
[0.11883293141588482, 0.11243591211195508, 0.10649281981206615, 0.11135375685361792]
[0.12468141871397868, 0.12683571694948334, 0.12410241305680919]
[0.12793408617920754, 0.12406640166022163, 0.11632263355039821, 0.11669534195277256, 0.12086280455788107]
[0.1175455586407822, 0.10781096445001832, 0.10856076593627387]
[0.12470536691745568, 0.11609603091477712, 0.11473714936318341]
[0.12260798205509019, 0.11808442887595787, 0.11267096737978849, 0.11276333426716717, 0.11577645753676051]
[0.12291012458287, 0.11620487664821452, 0.11349962478867079, 0.11301681329979482]
[0.12822488320973566, 0.11818391117049948, 0.12138289312762814]
[0.12321147812166659, 0.11530466381626657, 0.10974221765292803, 0.10738649495726788, 0.10501023592354052, 0.10616115264258266]
[0.12975378664436768, 0.11771635784035966, 0.11695341288338103, 0.11038827488214027, 0.11632413996282023]
[0.12123676515539383, 0.11153224637285135, 0.11327096894067802]
[0.11471965323976381, 0.11538123193061235, 0.11339814455827192, 0.10900971244717662, 0.11023387267908825]
[0.12320197803418098, 0.11793603585659677, 0.11191868357798643, 0.10989531110641414, 0.113948457510997]
[0.12044234005007289, 0.12105521884445271, 0.11761559617718494, 0.1121464800634441, 0.1095164129170772, 0.11023031596625689]
[0.12480935051027703, 0.12503471537715644, 0.11649453706140253, 0.11249411311529815, 0.11241056000357096]
[0.11752631064936801, 0.11169874899811913, 0.10931372775910357, 0.11464743257956486]
[0.11976100901736468, 0.11886399496758912, 0.10887446231090464, 0.10991114892063888]