
[0.2847230936830751, 0.2806292236379138, 0.287000819278392, 0.2842042794693244]
[0.1672986001339654, 0.16386111930723743, 0.16913220005171886]
[0.26669438180973587, 0.26579503217272626, 0.2657259226773011]
[0.2512867516918292, 0.24996951278464788]
[0.17196307308950437, 0.17086334947944923, 0.17007997011767761]
[0.27137459704592926, 0.2703351991649678, 0.27352906078438244, 0.2683233284260341]
[0.20301197089462886, 0.20395888807115675]
[0.19166796310987555]
[0.2754640059238691, 0.2820990155162163, 0.2803884566935623, 0.2773248351043665]
[0.16769796641329143]
[0.1641555141107161, 0.16505940651599588]
[0.1599085126663143, 0.15876326979648295, 0.1575031515886032, 0.15888619603365775]
[0.2523705590675402, 0.24715196228718816, 0.24906120801833728]
[0.1666625141363831, 0.16597178411985292]
[0.19506650618308208, 0.19605628489260785, 0.19462334503951745, 0.19395776737898987]
[0.20447354087426015]
[0.16149319953906327, 0.16242751894543586, 0.163389108085335]
[]
[]
[0.14540938546037593]