
[0.17365297929062948, 0.17374385917002907]
[0.24289189140844739, 0.23932760773607467, 0.23869446762953828]
[0.28861351189308326, 0.2859615589032259]
[]
[0.30972880850130247, 0.3070057489070024, 0.3055333631134442, 0.3058564677628173]
[0.2473157386772796, 0.24771008370744885, 0.2464093773537222, 0.24761863625849231, 0.2499526305792786]
[]
[0.3193085817773135, 0.31659733077837476, 0.3225225642656752]
[0.22875049096245884, 0.23411846894011284]
[]
[0.2304154904092742, 0.23274593337750585]
[0.22273210548641575, 0.22444652210720467]
[0.24156596661596857, 0.23764872838447829, 0.23914423811876814]
[0.22314106474571416, 0.22360203035222292, 0.2205513495383091]
[0.25130207137187593, 0.2484656039638926, 0.2556675067546831]
[0.29107168562466873, 0.29508112449109314, 0.2915411324346123, 0.29021178563744143]
[0.31670900865644624, 0.31660026430495475, 0.31298137632552436, 0.3184914559262242]
[0.28618517335214133]
[0.25194057328070124, 0.2494502465904743, 0.25000230793712785]
[0.2552937712919136, 0.24964061158680567, 0.24774616574990696, 0.25167063225893344]