
[0.3353352692121143, 0.3292176138150223]
[0.4182354976627435, 0.41958009197691665]
[0.3887278810396463, 0.38576396992705064]
[0.38340039643917806]
[0.5685966129260074]
[0.3235590979810707, 0.3197790716596264]
[0.35253538264663914]
[0.43771604165180145, 0.43641655867175816]
[0.3688792646751713]
[0.322750757284832, 0.3229858200125923]
[0.3654259645020401]
[0.48560447867407214, 0.4848139655547212]
[0.3318560965379835, 0.33120128234192764]
[0.5872350106533074]
[0.3835320079224086, 0.3789696515220315]
[0.3174698415756108]
[0.32482171813041755]
[0.5794682455752147]
[0.4677149983492123]
[0.6019357384649938]