
[0.17202370598827935, 0.17308862663265334, 0.17265810370430967]
[0.21814261129949658, 0.21465258055555222]
[0.17963806114005038, 0.1802975366612154]
[]
[0.19293108075911938, 0.19549542802267741]
[0.197300833210288, 0.19831083053308748, 0.20098671381095698]
[0.14283095326425463, 0.14395948010261758, 0.143726802630956, 0.14247787190619307, 0.1413390618305388]
[0.15264075451427903, 0.15394251072229478]
[0.1830744498210674, 0.18668127953480146, 0.1829767203902249]
[0.22743785502721992, 0.22620829397862136, 0.22829922209820874, 0.22717951658615243]
[0.2069510692334946, 0.20789548868525584, 0.2087594617031587, 0.20833036401114816, 0.20665436705538293]
[0.19533321244274748]
[0.18186587899193252]
[0.22244960834632074, 0.22304994246262688, 0.22221855329978174, 0.22441300584724502, 0.2225106044677486, 0.22609043603979534, 0.2227908865971988]
[0.23694775653152672, 0.23741802696783926]
[0.17516481010605311, 0.17403902616270245, 0.17544769575573668]
[0.18684693957955995]
[0.13963308276985814, 0.14580917315617214, 0.14069320915522182]
[0.16586105354129208, 0.1642709616968599]
[0.16535699255376518, 0.1649158631163676, 0.16611883428329619]