
[0.22630304052612057, 0.2292709038310838, 0.228829248352645]
[0.3131184953075478]
[0.20959461906015595]
[0.15495930860573523, 0.15594940481064437]
[0.20594053076004187]
[0.1907158095322561, 0.19381901744665855, 0.19162222770762094, 0.1932350589255894, 0.19035149739114995, 0.19254937854282825, 0.19134855492159325, 0.18974836576356297]
[0.2633884554232122, 0.2628872112305884, 0.2625696995131224, 0.2681622109394948, 0.26265344417584147, 0.26014018376740483]
[]
[0.22388803103567073]
[0.21980216794842236]
[0.24992388570560906, 0.25055472122934996, 0.2517998189898605, 0.25092781922337937]
[0.20558165603001946]
[0.22204755737965676, 0.22464350011356787, 0.2244540766025169, 0.22549849649455908, 0.22485409490606914, 0.22837514873571788]
[0.23006074488795028]
[0.21013658349769396, 0.2057752676528432, 0.20755536740677233]
[0.20739577985910068, 0.2085939132452885]
[0.21540001138399492, 0.21484628684787538, 0.21637918591945376]
[0.19570535108829654]
[0.25824941592946954]
[0.21661027933826413, 0.21946282259013944, 0.21810262016840667, 0.21689483247215782, 0.21701405974363702, 0.21532875806942722, 0.21504232320233527]