
[0.1850848437312237, 0.17350526499845265, 0.16652065073797714, 0.16048172247656106, 0.16134233814860632]
[0.1618305073832208, 0.1623953746322557, 0.15820781062242492, 0.15821130054669308]
[0.1691608448117034, 0.1679130430050064, 0.1685859648482604]
[0.19677557245648622, 0.17668361167771657, 0.17224942702880688, 0.17558587218996372]
[0.16983729319288943, 0.1695593437511769, 0.16957046307101173, 0.17092116469627958]
[0.18491372653058089, 0.1721138861201108, 0.1670839106678587, 0.16428070686883287, 0.16826607529894158]
[0.1743770072751052, 0.1694949915815929, 0.16050545822465595, 0.15721723448392166, 0.16533745485011042]
[0.164854553647711, 0.16891339573422812]
[0.1837174192092293, 0.16913420253662154, 0.16579402869470364, 0.15797929607454667, 0.1595273200488092]
[0.18677310111922477, 0.17669071861336438, 0.16316632837476333, 0.1583852571726431, 0.1568141828732327]
[0.16328036930647055, 0.16380508908345112]
[0.1854476350032598, 0.1718136935690812, 0.16846149429480764, 0.16220289622975442, 0.15765896940320126, 0.15878022800291436]
[0.18402688375237936, 0.17653373107448003, 0.17086451276078332, 0.1709073421422926, 0.17034205394174776, 0.16717963632743238, 0.16875560117738442]
[0.19284339570003148, 0.18920371599019872, 0.18209695998432004, 0.18069155233217532, 0.16851929492329037, 0.1693558760427543, 0.1693067708857395, 0.16959820830048888]
[0.1785465415562326, 0.16671104094760908, 0.16967931453964885]
[0.19785777155824755, 0.1581818473964668, 0.15890394542861405, 0.15973863198105165]
[0.16380691056031266, 0.1595285449811146, 0.16598594043752157]
[0.16949411326686276, 0.16788206982848441, 0.1602611807252956, 0.1577011112420131, 0.15709623472017809]
[0.1724805259227144, 0.15849842450520518, 0.1593978616732515, 0.16258825947320404]
[0.16417749315556995, 0.15565032868859083, 0.15848020334063764]