
[0.35971964747638646, 0.3565223119935322, 0.36147327739371155, 0.3654049957414555, 0.358853225541442]
[0.2807142962085736, 0.28023852761754614]
[0.3628938558309745, 0.36155182203045816]
[0.21806751911722977]
[0.21247659938193603]
[0.28511245823774917, 0.28175284156092884]
[0.27643836581723064, 0.2804415555422595]
[0.23863092176334944, 0.2404128772517248]
[0.3438652856623834]
[0.3288771804960981, 0.3260382277415145, 0.3270140118880376]
[0.25022058930333724, 0.24908031347026413]
[0.25918486006936725, 0.25760993941659405]
[0.25585594845991305, 0.2537299387969128]
[0.2828923006082202]
[]
[0.22402657233840628, 0.22493162331681513]
[0.37309869958598946]
[0.25253004446739646]
[]
[0.22815375428927512]