
[]
[]
[0.2658831618049587, 0.265580072920796, 0.2646961063904568, 0.26172633375540394]
[0.3099942145608358, 0.312032471310054]
[0.34296871986192845, 0.33735119672590197]
[0.3001638923301571, 0.3030102082897735]
[0.31148519345943554, 0.3125429849767205]
[0.30748953186131855]
[0.3033774852343368]
[0.40143913520736485, 0.3991595166862704, 0.39784527277679405]
[0.3779819812187231, 0.37780977092624557]
[0.28024583257768815, 0.2738199135486616]
[0.31897611018862976, 0.31588045467501025]
[0.28404549146122526, 0.2836340649215723]
[0.27718707194791464]
[0.3072379568540926, 0.30654418533145067, 0.30724725600075314, 0.3052542822636048]
[0.33472887997556566]
[0.41771432955816873, 0.4198955149558235, 0.41431829058191727, 0.4173728416203125, 0.4179919235038773]
[]
[0.25540011278222013, 0.259017544068259, 0.2584085877573528]