
[0.29055335001065746]
[0.2659202252417369, 0.27396520653227013]
[0.25262551811140255]
[0.25908961411522086, 0.2574171957819838, 0.2564215245483952, 0.2546024649184633, 0.2578767674477715, 0.25865870294772786]
[]
[0.26173711231721547, 0.262000664712638]
[0.1950199868093675, 0.19579843151050721, 0.1941224886061246]
[0.2241097236217768, 0.22889070657566093]
[0.21786460203064517, 0.21428313207672878, 0.2159690897203762, 0.21789218970623053]
[0.21459773520463793]
[0.22964891632152432, 0.2282422635445247]
[0.2589124497719042]
[0.18968702710515334, 0.188660796550697, 0.19050295315981136, 0.19078166750710818]
[0.2806085010393818]
[0.1953551532941874]
[0.44021967056366873, 0.44555901921263696]
[]
[0.20076223438959478, 0.20102420470808033, 0.19868880724481236]
[0.20795975215717946, 0.20679127936626587, 0.20643242423997818, 0.20586033838493364]
[0.18314055382004601, 0.1850779200560612]