
[0.2434092702458365, 0.2316395875494984, 0.19559971337410825, 0.1944117560391864]
[0.21143627609285018, 0.1982644802822613, 0.1993596468220781]
[0.2273054088524281, 0.22941630731072787, 0.21883095001465525, 0.22160530305208234]
[0.23258963261056104, 0.21896343213950667, 0.2194678059978665, 0.21965242152054285]
[0.2262808317722961, 0.1926382973048998, 0.19836609549438566]
[0.21999925911439266, 0.2143311281033936, 0.19821895615437327, 0.19802786272698936]
[0.23961027311854793, 0.22651418056466757, 0.22831553040579586, 0.22169569515322804, 0.22000765214869475, 0.22306863936230661]
[0.19795426851662054, 0.19453069513972507, 0.19204230289218055, 0.19559179557731654]
[0.2184976727754654, 0.1934952646945591, 0.2030732196417752]
[0.21791713276337757, 0.22199180653657452]
[0.24158252912650166, 0.21927305460674412, 0.2204060167688659, 0.22291046391828973, 0.2191187957129975]
[0.2123772779876299, 0.19812316962054574, 0.1932126847770057, 0.19656747484140985, 0.19309279633412482]
[0.23272642146929712, 0.2250577637225075, 0.21191403619533955, 0.19456738550496105, 0.19370012467789152]
[0.2234852729748027, 0.2210021446328952, 0.22144046835558057, 0.2190890404382206]
[0.22149384143404105, 0.21222128639627175, 0.20086756024846528, 0.19868335389374478, 0.19274844658724996, 0.19751461877975976, 0.19722527070656953]
[0.23373223502026064, 0.23169893926550889, 0.22290054544341875, 0.21937782555382765, 0.22044824073903702, 0.22305876571794092]
[0.2251242544768752, 0.21439021313800466, 0.194130205788289, 0.19420378052090861]
[0.22660886594088672, 0.21811179450359297, 0.22184445167610903]
[0.225493820855997, 0.2123748845802225, 0.19406716408551122, 0.20052662831048076]
[0.2301833668369748, 0.19540481853718603, 0.19090734903343942, 0.19507112254070025]