
[]
[0.1273791456503067, 0.12770944846644638]
[0.2078232631931079, 0.2100641264863838, 0.2121382511017354]
[0.19598200649516512, 0.19259501748364674]
[0.2064616358087382, 0.20724239855787582]
[0.14048164522781584, 0.1430500181835369, 0.1420387911807355]
[0.25239966527413504, 0.24678721339043014]
[0.22220020909829685, 0.2232227031524493, 0.22314283605244165]
[]
[0.2458478606926379, 0.24473998910893793, 0.24148354936442032, 0.2443529344598921, 0.24419774921294068]
[0.20692809180481378, 0.2080619261031044, 0.20725972255850064]
[0.17979571299631592, 0.18050661092812254, 0.17935792818041557, 0.18059128292114512]
[]
[0.16048826816975187, 0.16169348107754816, 0.16110269602858784]
[0.1801575600042196, 0.18345148862771557, 0.18405404352778948]
[]
[0.16304372006401135, 0.16062183584598022, 0.16195347470456176]
[0.24496959307522811, 0.24334054012238854, 0.24267674535505193]
[0.170121319617055, 0.17139636997360502, 0.17175054703964754]
[0.2368133558926176, 0.23820798206690413, 0.23685235389196857, 0.23628826092451424, 0.23334768665447023]