
[0.18191049448568236, 0.18392683413031982]
[0.21355646631833203, 0.22035277071079568]
[0.2319702893939288, 0.22907298147860602, 0.22874656114574438, 0.22647198472625493, 0.22973981288282833, 0.22642559103823034]
[0.18751430472089048, 0.19052173381047716, 0.190726889281272, 0.19110262273698736]
[]
[0.3634470190876158, 0.3600911323533484, 0.3637724379909139]
[0.16220762891930954, 0.16309698863837968, 0.1605834604376548]
[0.24773303925290388, 0.2461104242437563, 0.24483091858441677]
[0.21566808503457519, 0.2162726802631826, 0.21869644958522708, 0.2148321872360976, 0.2130873312313493]
[0.21539711515198065, 0.21743452283333436, 0.21982111196312176]
[0.30766134030354986, 0.30501251666517487]
[0.26382849799971314, 0.26198282780186627, 0.26264296532726894, 0.2613800420666615, 0.25943057798217645]
[0.20766362618805442, 0.2092264754845453, 0.20582098803633234, 0.20561305107745262]
[0.17218062871682596, 0.170395156768399, 0.17077294288016254]
[0.3555714275346486, 0.3580371786599726]
[0.21301378825115785, 0.21174873921688062]
[0.2633073440937047, 0.2612516445133257, 0.26312579561255994]
[]
[]
[0.223747026819855, 0.22110015925739332]