
[0.33564496025991175]
[0.45207514519722464, 0.44889610992140233]
[0.43313992339756285]
[0.3194627616454301, 0.31624618048685604]
[0.33979065836491246]
[0.3959044776264747, 0.3969881893861776]
[0.38653935669392214, 0.38474912614542955, 0.38345718771301474, 0.3866997520605489]
[0.3529737666478153, 0.3527819249808849, 0.3513040285272306]
[0.2502550220712942, 0.2518487660574274, 0.25231196428939057, 0.2509073240938361, 0.2523018196798126]
[0.2758341043122181, 0.2736754263521829]
[0.40509624184276866, 0.40710829967140294, 0.40158337227589486]
[0.29943942642775484, 0.3007048230993031, 0.30066704664233923, 0.300914214148637, 0.3000639536196041]
[0.27377310771059665, 0.27645146916334534, 0.2748383411167013]
[0.25185966609902793, 0.25064128190955853, 0.25072032668449035]
[0.27848707622995, 0.282421941016894, 0.27980460735272256]
[0.27631345613601455, 0.2756032573567384, 0.2752726522880932, 0.2737912511417117, 0.2757530294203657]
[0.27317173776137166, 0.26853761159865674, 0.2665969077683838, 0.27267955789072246]
[0.5119013242158557, 0.5125892309733474]
[0.3472865276380851, 0.3470634997263725]
[0.33288328143194623, 0.33118400184832625, 0.3334576352518724, 0.32814643563893514]