
[0.5995024544696075, 0.5983953833401253]
[0.5306019451019701]
[0.6019418516005528, 0.603469853149714]
[0.6105377564144263, 0.604524402244597]
[0.5123741659685064]
[0.4956881004567038]
[0.49470894117999936]
[0.44195626044664416, 0.44010019593657257]
[]
[0.47979968142595075]
[0.5880315164363062]
[0.6755363717876076]
[]
[0.48123405845262046]
[0.42533495266572785]
[0.46335878117663587]
[0.40676225959461104, 0.4048442531280926]
[0.38844724771788913, 0.39201506015348575]
[0.3748079632902987]
[0.6264824281532709, 0.6258355562958557]