
[0.34334441403128674, 0.3448134162682985]
[0.3588368990720569, 0.36212045846186464, 0.3581721654870059, 0.3601380825461165]
[0.3161416173942476, 0.3162557355215689, 0.3204616093430551]
[0.456799448217884, 0.4618624342773657, 0.4628527335499718]
[0.3942179412642757, 0.3868248005157542]
[0.5101630626576729, 0.5183644294680526, 0.5162653173151162]
[0.26626137708146247, 0.26446452016906047, 0.26208179368233697]
[0.30897193012081287, 0.3089792686822426, 0.3123422693780404]
[0.4984750436028558, 0.5000513295609698]
[0.2945874244322295, 0.29797244527653677, 0.2973622700955272]
[0.3875953997422711, 0.3886147539956156]
[0.23161251864452162, 0.23366263257511044]
[0.49416882648268773, 0.4944524076714891, 0.4945418888565929]
[0.3245736783506584, 0.33033486993745953]
[0.34586699489095524, 0.34796313288941105]
[0.39407614416955244, 0.395982559013639, 0.3943662383926115, 0.39768613845163603]
[0.2836493199784219, 0.2861866516705609, 0.2863907405231954]
[0.4132915659949397, 0.4141954225798965, 0.40783575507263825, 0.41535560976821906]
[]
[0.31540718706178245, 0.3166672868697166, 0.31834579337526514]