
[0.29708830533663455]
[0.2741515455998415]
[0.20740069272501452]
[0.22380716670682255]
[0.24183400151696882, 0.2377245697801274]
[0.29145268218921905, 0.29229885579213716]
[0.38517965073378607]
[0.21990994340443634]
[0.3524836744378787, 0.3566912553778022]
[0.3146897036518225]
[0.23431607624046544, 0.2344998272859658, 0.23536444223240302]
[0.22072146767527973, 0.22167395749024205]
[0.26275023984587753]
[0.2543745684464116, 0.25900595310393176]
[0.32142856830826017, 0.321882259218264]
[0.2673579573196996]
[0.2357291197504227]
[0.2728505897403295, 0.27227705342063313]
[0.2408529220611534]
[0.2976059666841678, 0.30453358196931296]