
[0.38916470223873245, 0.38909614313669205, 0.3892415649791827]
[0.6111827982515285, 0.6139580849557749, 0.6142520588509145]
[0.5982740318208739, 0.596355646124772]
[]
[0.5011040745116548, 0.4998830228638512, 0.49710930925042907]
[]
[0.6385141860859622, 0.6364449553490269, 0.6349631804742598, 0.6375119336227074]
[0.404705724591185, 0.3998052799550514, 0.40540017871419737]
[0.6419869337590051, 0.6439775893973781]
[0.3846127307360842, 0.3872253183599729]
[0.6388238421411704, 0.6376145275194374, 0.63930987336679]
[0.6219715186514626, 0.6216363521710276]
[]
[0.6692345397366579]
[0.4267839696244976, 0.42584423500819796, 0.42128101739658064, 0.4238304079860706]
[0.6367171227714385, 0.6376907336349327, 0.6329936781727497]
[]
[0.506502749492373]
[0.5818685089854013]
[0.6090862922892726, 0.6095115482636041, 0.6065734780097503]