
[0.3664019101664865, 0.37130810049384344]
[0.36608850398989745, 0.36473346425955455, 0.36289829555721126]
[0.3649952189408202, 0.3670626556258482, 0.36255437595743867]
[0.3648847225045981, 0.3690638949272526, 0.3640210457282475, 0.3649155060704567]
[0.3718205637120051, 0.36833976315632005, 0.36603239206058363]
[0.3663752946469562, 0.3660214474592052, 0.36861671248291766]
[0.36884806229405104, 0.3692934927215359]
[0.36950326051442006, 0.3669136075530844, 0.36125166674003145]
[0.36151140890651623, 0.36359936659249664]
[0.36382854729034875, 0.36459641768193884, 0.3766827193795316]
[0.3684087105696634, 0.3684722429224519, 0.36173860024603943, 0.3673656317988975]
[0.36461764412144015, 0.3642557438004756]
[0.3742323110836935, 0.36675901491714963, 0.36694054377965113]
[0.3651780737585398, 0.3642883681942611]
[0.36618742536853716, 0.3681313975805101]
[0.3675802100097666, 0.36807463514566646, 0.3682815591927195]
[0.3681469735057823, 0.36524793240906983, 0.36538833716559405]
[0.3674793396592078, 0.365260546189014]
[0.368193235270629, 0.36796576853551444, 0.36955027211938096]
[0.36818867104325836, 0.36529707456807964, 0.36442632421396126]