
[0.6320049163171969]
[]
[0.525533799953129, 0.5265870930368808]
[0.5486179920399319]
[0.6272044770454229, 0.6258388419680243]
[0.6125489440343619, 0.611359945613539, 0.6065100213216893]
[0.47706591292094186]
[0.5766758604816239, 0.578994451932869]
[0.5788584251890865]
[]
[0.5930008705518015, 0.593146950073605]
[0.4833433352217141, 0.4892891987054577, 0.48843229067545607]
[0.5136376308716807, 0.5106044880388071, 0.5076838288473778, 0.5016977612344389]
[0.6436285539984679]
[0.4421958751623606, 0.4450994272840968, 0.449194477669736]
[]
[0.6347478579216442]
[0.7214165905008638]
[0.6723956301547099]
[0.6516634969701581, 0.6460600672085596, 0.6422483982571157]