
[0.23234225867198233]
[0.23433344325829444]
[0.22179025925634763]
[0.21731317916377912, 0.2202718399831582, 0.21956730632171498]
[0.22484967479537588]
[0.23025839353357613]
[0.23985694926920362]
[0.24085373330834786]
[0.20442358125962698]
[]
[0.2277606401766157, 0.23216417071400067]
[0.1984359491502351, 0.1982582313083066]
[0.23692718651078368, 0.23245156974666506, 0.23237881828229265]
[0.29675715583358103]
[0.30168995731332976]
[0.21111976462204846, 0.20940782312609413]
[0.19406175235826006, 0.19429033280218025]
[0.22363326202731512, 0.2238133117486638]
[0.2044944673759265]
[0.23601284487518648, 0.23720782158228806]