
[0.303851751564687, 0.28054947257551827, 0.28066183408748524]
[0.2865480108646139, 0.2870183267063318]
[0.2816589922495055, 0.2816994752141153, 0.2818350299541347]
[0.28487441820378934, 0.28426232749615205]
[0.29266961558919036, 0.2782095859672505, 0.2834908670112669]
[0.2810747838329221, 0.2790842633665719, 0.2811521126638064]
[0.2866464322263137, 0.28452263326048893, 0.28718817223113924, 0.2781016578726323, 0.27986772159072915]
[0.2953994110707352, 0.28276768567401167, 0.28220037159175915, 0.28115734748497945]
[0.2873707643565881, 0.28544810177965196, 0.2865955751721939, 0.28253338037433606, 0.27785739119284164, 0.2805115979472017, 0.28111493527715276]
[0.2856517593463567, 0.28784338354538214]
[0.2799358168519623, 0.2821807876652926]
[0.2839815269209594, 0.2919168356751472]
[0.2890121656961159, 0.2855203316033992, 0.2850377699716257, 0.2805695113614965, 0.2806402525885766]
[0.3016536252591201, 0.28186091598571295, 0.2830183637904122, 0.28164462422892395]
[0.2878332387939574, 0.2830258402834393, 0.2854018211492552, 0.2841720194490031]
[0.2821983207996173, 0.2818215882164603, 0.28478993771399497]
[0.28447447886080185, 0.2798859436290369, 0.282349092576186]
[0.29363473265330525, 0.28170637993114506, 0.28339971938307634, 0.28237150482601053]
[0.27900281124202037, 0.28154694105059463]
[0.27885789811174777, 0.279330183119452, 0.27958024065301873]