
[0.40769945745537317, 0.41173184901250315, 0.41080615427106265]
[0.46307774949053115, 0.45782933128859804, 0.4668590916331307, 0.463691120730997]
[0.5847326058806411, 0.5834532533272726]
[0.6051258711069907, 0.6014213142297675, 0.5964110555215267, 0.5999891274491732, 0.6065073404844177]
[0.5956575561917861, 0.5896342911098946]
[0.6955713726694316, 0.6941657226912126]
[]
[0.571755688033087, 0.5791121299103666, 0.5786086730410238]
[0.6111073989983408, 0.6074974643927099]
[0.6672158861148922, 0.663166130392645, 0.6621609297915385]
[0.5770871838185548, 0.5738524764984699, 0.5771459259625399]
[0.629519859254059, 0.6356088003508042, 0.6319911233930897]
[0.5129188217569529, 0.5055806066285041, 0.5103772745481701, 0.5095265358263563, 0.5093345417948552, 0.5105385740859585]
[]
[0.3980134630869628, 0.3965664969974491]
[0.5919410039537062, 0.5989604542657502]
[0.42011946572255393, 0.4202364991515623, 0.4210945016394972, 0.42680436782434356]
[0.4202194387229754, 0.42200675819193295, 0.4213720694724635]
[0.685013120601694, 0.6893307725158814]
[0.7401537008220097, 0.7419335797003557, 0.744167957654366, 0.7418894593116911]