
[0.20750595284479204, 0.2053443323257017]
[0.214814362629805]
[0.19080197461855325]
[0.19418420503597314]
[0.18887866772793974]
[0.15938279774086145]
[0.2773039830036787]
[0.17999969746312522]
[0.28332886505861155]
[0.25878698907475456]
[0.13867737451406037, 0.138795505729285]
[0.17303809262998007]
[0.14386023231654949, 0.14378111881936123]
[0.17474292742358363, 0.17872227927275036]
[0.17407219996518186]
[]
[0.2023207015298839, 0.20303291096490445]
[0.17205589877276123]
[0.18112667453926992]
[0.23008607853880303]