
[0.31091169190319046, 0.3170455584288394, 0.31144975766177246]
[0.408419187682062, 0.4055800777838056]
[0.5727734534984938]
[]
[0.31337092704643693]
[0.31410309369415373, 0.31433142580165646, 0.31779897058403755, 0.317402283894135, 0.31609201162431566, 0.3167351477395609]
[0.28570703685445203, 0.28965503443782614]
[0.47617258110195476, 0.47444728798332714, 0.47351842528146565, 0.4735803237937357, 0.4795950776710805, 0.48051333162012727]
[0.481107803347637, 0.47165820965918226, 0.47476196262936177, 0.47504648388296633, 0.47139692978331926]
[0.40215251950050507, 0.40261446652214455, 0.40395620070564947]
[]
[0.33789950214696834, 0.33846857470867514, 0.3426948015838352]
[]
[0.34528777992383497, 0.34306683259676996, 0.33793318822098367, 0.33820418681097164]
[0.4093192355891105]
[0.367816648499789]
[0.5129297740225898, 0.5134880288788832, 0.5139909442188588, 0.5143149188769449]
[]
[0.486452468538307, 0.48533898604977593]
[0.3807887865989184, 0.3771068000696983, 0.3812140520181289, 0.3820730472988873]