
[0.25733134685102416, 0.25692037250060984, 0.25665412608950056, 0.2599545708563815, 0.25473112513157264, 0.25663722459452104]
[0.2690374486574569, 0.26869234322623103, 0.26837225674428833, 0.2699425014616008, 0.26691810482458805]
[0.33886336382394616]
[0.375740362047418, 0.3765112594262496]
[0.32135471267454296, 0.3252744348311388]
[0.28271127774707855]
[0.2892125965076544, 0.2829848198400949, 0.2842376270440615]
[0.30624521433014223, 0.3091144370114188, 0.30768877886492]
[0.2930931865181369, 0.29321471378947916]
[]
[0.3142322348989482]
[0.33624703187248933, 0.3331524865202759]
[0.32499264705207803]
[0.401406651947669]
[0.3170348329626402, 0.31695206491540967]
[0.34113463347456213, 0.34383819832261475, 0.34121618620328376]
[0.32187557263115846, 0.3176084537157506]
[0.3001777326154849]
[0.47997660489888316, 0.4745392648995478, 0.47015330533343713, 0.4712122845146258, 0.47376411191789697, 0.47491320624140543]
[0.28819611028037034, 0.28891805231748235]