
[0.5021140871964217, 0.5004037250548935]
[0.5599794876675459]
[]
[0.5346092625177089, 0.5376445232025697, 0.5387976736501351]
[0.476542674637821, 0.4737924738999729, 0.4787636105155023, 0.4765970490316991]
[0.6069903305046037]
[0.43450880396962377, 0.4385273467942103]
[]
[]
[0.5398999693901726, 0.5395466045552035]
[]
[]
[0.4831339720565407, 0.47861394819257685, 0.47808866682979706]
[0.549418759916519, 0.5493874056898242, 0.5562037248624374]
[0.5538418783302024, 0.5542389964301326]
[0.5489928702699655, 0.5497891710707096, 0.5481448853106144]
[0.49769865218495113, 0.49568388112204936]
[0.49138456852092816]
[0.46362655633062017]
[0.4519996611943023, 0.4505937897179032]