
[]
[0.44082105609481437, 0.4407144047797613, 0.437101885002031]
[0.40574181776113655, 0.4069987331776486, 0.4055077119612137, 0.4050970898627159, 0.41130167671550966]
[0.510800263594565, 0.5033679717009777, 0.5046366334728716, 0.508097016239464]
[0.4462278954204003, 0.4445562219409934, 0.4415704699326684]
[0.35517568970904084, 0.35557935423628645]
[0.4612955328900621, 0.4630400280718436, 0.45954425620913175, 0.4605610532900045, 0.45910005498148787]
[0.48213689873626153, 0.48268740254564324]
[0.34202620885954654, 0.3397403127855888, 0.34193474854800565]
[0.4939542968051549, 0.4898461546586667]
[0.5784245535729768, 0.5763035312278201]
[]
[0.46890636481200876, 0.46441076141328635, 0.4644113500112223, 0.4684857392447619]
[0.45035637369515763, 0.4472492607690752, 0.44672527891649827, 0.4480716581315282]
[]
[0.39917846228710996, 0.40090374419956987]
[]
[0.5480041284611246, 0.5472904824293797]
[0.49569964690480395, 0.4980346866068927]
[0.5314622357811338, 0.5313737224041504]