
[0.3843433334589676, 0.3675192383545732, 0.36743602324306385]
[0.37354663596661064, 0.37017623910783054, 0.37920313466638]
[0.3750734079631605, 0.3707198543964963, 0.36844290699657434]
[0.3673042968858085, 0.37206468113920593]
[0.3688272824131675, 0.3685898174229022]
[0.3652336903901241, 0.3734383346831063]
[0.3709340399272725, 0.36977377643248915]
[0.3727896507783611, 0.3687908570205306, 0.3722220778019418, 0.3673222759458863, 0.37204453815357913]
[0.37714717240368356, 0.36897764055096116, 0.36789535357113595]
[0.3725979406311861, 0.3695376249827634]
[0.36974112728786285, 0.36591989341765935]
[0.3795201404162649, 0.367868261569844, 0.37124545589648356]
[0.36685583236405706, 0.37694537454458105]
[0.36903900053315236, 0.3685980417159205]
[0.370786431291887, 0.3713728180862255, 0.3669334001116135, 0.36922323054610423]
[0.37950328045550363, 0.3719579411640081, 0.3751303776241163]
[0.3665853778981408, 0.37368770274272584]
[0.36860210278388583, 0.3720491096397633]
[0.36636479874283073, 0.3673563081613665, 0.3654763174991395]
[0.3727757514213165, 0.37056729039147257, 0.36884993033108643, 0.371297100217598]