
[]
[]
[0.5642819517355849]
[0.44806461495683636, 0.4494390793155189]
[0.47640114480708484, 0.4724931580074461]
[0.49944802479335854, 0.4989830997964906]
[0.45317500160820845, 0.45632268866539843, 0.4560882643238985, 0.4536534191538336, 0.4528248614957273]
[0.46209433654575527, 0.46307407699945446, 0.4605728018317806]
[0.6390772067926713, 0.6280580446165467, 0.6374895815604025, 0.6333944807097789]
[]
[0.3998637947143775, 0.40590308510523815, 0.40503825834445945]
[0.5005572291466409, 0.5039602232732375]
[0.523113009179798, 0.5300312752594398, 0.5264018188988572, 0.5265769965429191]
[0.47774663801870426, 0.47460109110398546]
[0.5815441872887549, 0.5807195727770433]
[]
[0.5194885464477405, 0.5136986173057196, 0.5197539982867353, 0.5213775024620667]
[0.47426179677635605, 0.47543769614202547, 0.4722987795565615, 0.4751349554543886]
[0.5873598227251382, 0.5831739340146026]
[0.40036767104271354]