
[0.3394737964944841, 0.34269367981604826, 0.34079265159813354]
[]
[0.2943143758829327, 0.2969271798036655]
[0.3029315298950542, 0.3036762556519204, 0.3020500948378729]
[0.29261560866345404, 0.2921323937426543]
[0.4681781850467188, 0.45963033543270015]
[0.5161772119194621, 0.5128050130504035, 0.510130342820659, 0.5119327572731174]
[]
[0.4083108762422659, 0.4084885818801275]
[0.42676401752922605, 0.4239479730527156]
[0.3479074706623304, 0.35261736154602963]
[0.3173065619284077, 0.32072137402787243, 0.3319563071624855, 0.3225560203648672]
[0.351119771338605, 0.34970831452229595, 0.35179384077307563, 0.3518621420947898]
[0.3416490817542892, 0.3343210274892693]
[]
[0.3604297254668127, 0.3602092768607269]
[0.4417376549635455, 0.4429841224611369]
[0.4155460698623773, 0.41456172422464677, 0.41775943052601644, 0.41523206762158643]
[0.4650026794990824, 0.46088043275733603, 0.46604164966971456]
[0.43053171297183335, 0.43137828279855783, 0.4351178603923758]