
[0.3932087116469961]
[0.33203830707148324, 0.33753158772979036]
[0.4297441008612794, 0.42404019384598407]
[0.3909425848572347, 0.38510313833355864, 0.384794452802446]
[0.40141487084617034, 0.3982577620582768]
[0.33684668248079, 0.33846796519006084, 0.33798492468512]
[0.37714314544630084, 0.37895173024528306]
[0.4696710397101425]
[0.4090695414176387, 0.4140258738481015, 0.406901192268017, 0.4114715257047415]
[0.3920275490220221]
[0.3851951892233053]
[0.5455665456973434]
[0.3031747519986899, 0.30240332635963163, 0.3058191054285339]
[]
[0.44296321613477335, 0.4476824710091438, 0.4448638142138271]
[0.3225863827913407]
[0.36706124743648233, 0.3678839538338006]
[0.3458673908687752]
[0.38179814851480737, 0.3802287380001878, 0.37863514263788484, 0.3805943327207912]
[0.4092301234559987]