
[0.21679685630996895, 0.21137576447938786, 0.20574494442953256, 0.2094432626804849]
[0.20448374874152359, 0.1844671620894951, 0.18845697602310207]
[0.19776491635860707, 0.19098694217138892, 0.19179496177131009]
[0.2139289776390285, 0.19830603857409382, 0.19615321450492815]
[0.21202476818781826, 0.2027289334431617, 0.19325789467810406, 0.18869386482185724, 0.18148566672521524, 0.18196530575980024]
[0.20239162404303143, 0.20044981203225182, 0.19496296920609216, 0.2054395467510524]
[0.20355030074510586, 0.20835978082974105]
[0.2218531826968443, 0.20278877480880927, 0.19234213269792788, 0.19480375669343722]
[0.19663805338586451, 0.18977444928478165, 0.19248105739164892]
[0.19772335903350957, 0.1897301424883675, 0.1967171080772214]
[0.20356421816124695, 0.19591981002748668, 0.20193728926540475]
[0.2045424334522272, 0.20416371876438133]
[0.1958659163937833, 0.19166191990161477, 0.20689147951479703]
[0.21995832091868692, 0.1948193825627529, 0.20220826493317354]
[0.2379548891989734, 0.22197528929597432, 0.2163878558559671, 0.22114640259467042]
[0.19739857331732102, 0.19854871443915645]
[0.201644804225544, 0.21021082398177363]
[0.19773649195853746, 0.196324202488147, 0.18720252767160844, 0.18395791533669417, 0.1844619516012949]
[0.20314703909452253, 0.1955693700813224, 0.19541164702104608]
[0.18177360787840766, 0.18404809899249644]