
[0.34628395062876255, 0.3475240363055069, 0.34638639516924546, 0.3421222451933517]
[]
[0.35817535846968185]
[0.32279775105377856]
[]
[0.30184878871939463, 0.30896352663363064, 0.30079762151434986, 0.30222801104130126, 0.3031442708584679]
[0.31452536301599743, 0.3131629568842227]
[0.2767712819739699, 0.281575754447984]
[0.2815866810880533, 0.28523636722350115, 0.28155618127189774, 0.2814242309744569]
[0.2855520018166343, 0.28448152249717806]
[0.27369123567088605]
[0.3297708291279392]
[0.38459531352185744, 0.378889422732592, 0.3831791703637027]
[0.2933289364242234, 0.2911533544483003]
[0.3194068752875547, 0.3213148294760042]
[0.3159387430128486, 0.31834438672829496]
[]
[0.28152912905723176, 0.2791640628638304, 0.2783648138678835, 0.27988432130099095]
[0.3019256086751542]
[0.4304597065860111, 0.42761508563371714, 0.4339791867444864, 0.42965136210743576]