
[0.2267160940760075, 0.2287097871815298, 0.22725899912610883, 0.23209032073713243, 0.22634557339816036, 0.22639504547660325, 0.2280876178962576]
[0.2972333979619023, 0.2964822305917389]
[0.21985530648718438, 0.21838927315923506]
[0.27885236610902714, 0.27745792830661187]
[0.27049686457554495, 0.2729904340808418, 0.26878939627822496, 0.2714745462385845, 0.2703805960028391, 0.2709947463114769]
[0.2826671541777867, 0.28558954206872483, 0.2837653134280164]
[0.2992414264949252, 0.29522583709087785, 0.2980154206483576, 0.29752460056586794]
[0.25698972479010296]
[]
[0.24356609811577146]
[0.24646593577496495]
[0.26413099269787305]
[0.3346596010513289, 0.33317415162974845]
[]
[0.3563913330915336, 0.3586486533840593]
[0.29100475235451406, 0.2932051625843811, 0.29450229747893003]
[0.4061602429114391, 0.4058053046523139, 0.40598200364699655, 0.4081098457454595, 0.40287706820530894]
[0.35250555847096193, 0.35040957642354414, 0.35214231113598105, 0.35552590278632235, 0.3502824477998448, 0.35040382163889644]