
[0.3544891735890938, 0.3576384993438144]
[0.5114669947655867, 0.508004218203664]
[0.4482676971592235]
[0.4201309405700355]
[0.38030910167629683]
[0.5281418084153695]
[0.5085409378409762]
[0.3879267366567544]
[0.5722285556728262, 0.5740783457903139]
[0.5862007718461913, 0.5803435056651597]
[0.44702750976604433]
[0.34766281793555065]
[0.33499033575307813]
[0.4691021373821879, 0.4675140117395434]
[0.4330498848889846]
[0.44362186888197]
[0.5227034641081989, 0.5109470760644582]
[0.45697113849204085, 0.45799762440808356]
[0.5155282073079732]
[0.45682384015318295]