
[0.231903165028422, 0.23144380510477458, 0.22836047666151096]
[0.22530916728031203, 0.21021869247245134, 0.20407400433254674, 0.20102222227685915, 0.20792503732532686]
[0.2326179469913029, 0.2243495515079141, 0.22102807406000105, 0.22027399355992133, 0.21823014493816165, 0.21372504247335797, 0.21513729189047603]
[0.22969988012979697, 0.22535302852519584, 0.22076479716667685, 0.22070484610653013]
[0.2540449109322642, 0.2420005994002382, 0.2407981620720317]
[0.23362903851082073, 0.23018112149382178, 0.23057407594314702]
[0.22987503648528934, 0.23101090855453313, 0.23176565664161392, 0.23514932748955808, 0.23137151076319384]
[0.23034843814099473, 0.22993719381271024, 0.23617961242339391]
[0.23468843890524824, 0.22118404402718145, 0.2057008446319034, 0.2034706158240302, 0.20104577370238705]
[0.23630783538249697, 0.2371402581225065]
[0.2382259887737383, 0.23604489313151938]
[0.23709922487457508, 0.22933383688732303, 0.23303567215560936]
[0.23266866587503615, 0.21775679634415587, 0.21912613217897148]
[0.23570015751190493, 0.22319369295562827, 0.22270951689443752, 0.21732594290921112, 0.2181116648473772]
[0.2339152329870832, 0.22175658242404134, 0.2203097081649029, 0.2172417499496065, 0.20264113834533684, 0.2044596594062429]