
[0.3992230610940525, 0.39729928617121596]
[0.44416729955736556]
[0.44658490973786036]
[0.39320850768806065, 0.39370902769665334, 0.38877066456203463]
[0.384559356875632, 0.3796877498081464, 0.37512096608981493, 0.37968247944111283]
[0.39843043431361985, 0.4008246413509303, 0.40363458525175366]
[0.5058376129500624, 0.4997051037002542]
[0.36983919031703033, 0.36528068567715727, 0.36765953112668337]
[]
[0.42322721230594434, 0.42497382618693613, 0.4251493167611969, 0.41795923113480166, 0.4235805958669229, 0.4227322910022783]
[0.4745113066724216]
[0.4163772132247865, 0.4151991581895132, 0.41423344650442195]
[0.4015636899115966, 0.4043290684813329]
[0.44610775331144, 0.451412216243887, 0.44663744368243036]
[0.5375238159593453]
[0.5320214752560246, 0.533704369401285]
[0.4464881657089416, 0.4464429739605583, 0.44770331606779123, 0.4386887613163892, 0.4454850665940987]
[0.4570757729496234, 0.4635500860550042, 0.46625324559142106, 0.45917389975094025, 0.4614247253709127, 0.46117052329834624]
[0.505926432732803, 0.5108058374038709, 0.5081500981830019]