
[0.32158321138907425, 0.32496024093358933]
[0.3649166875088554, 0.36566132687242225, 0.37026115662825493, 0.3708347612625897]
[0.32384604680128826, 0.32507204758776137, 0.32183281564510574]
[0.2810372243086727, 0.2841576863797057, 0.28515417805108323]
[0.31219896472174924, 0.3090950294853559]
[0.3507211004848481, 0.3511310472995637, 0.3494506823689022]
[0.402213353443098, 0.39597750896390044, 0.3990897958120301]
[0.35216024865189005, 0.3554123611766453]
[0.2560153054503079, 0.25655453359542174, 0.2563648738934026, 0.2559070161746172]
[0.300603049585395, 0.30336830417110094]
[0.31873665355189457, 0.313723251068162]
[0.42708148960761494, 0.42573341260519776, 0.42645578404200835]
[0.27701634914650974, 0.27229852804789884]
[0.3177898739872907, 0.3189881132313318]
[0.2868095544054064, 0.28462429558210806, 0.2848788063547402]
[0.3069983760822557, 0.31101105506097865, 0.30952843985158707, 0.3097816239996928]
[0.3394484149403585, 0.3431645738827205]
[0.38122675504275266, 0.38094798631623855]
[0.3152226623076757, 0.31672022797699556]
[0.32470746642156634, 0.3285216508662112]