
[0.2998762997652446, 0.2981125488192571, 0.300906287174126]
[0.3896440075343323, 0.3891538836423569]
[]
[0.22871672143976737, 0.2276889672461218, 0.22808225825953543]
[0.2444884656806322, 0.24727119393641575, 0.24409373105469492]
[0.30836260973864543, 0.3079101010824255]
[0.3795192007924562, 0.3820334968047855, 0.37466308125275927, 0.3858810784738569]
[0.21927867362982506, 0.2220344499380443, 0.22499326899547425]
[0.26696358949561655, 0.2666476402322325, 0.2639637669640972, 0.26085023552451986, 0.265790893368996, 0.2671433242469178]
[]
[0.27963679390078416, 0.27786817541477227, 0.27816060839852913]
[0.2699491655714847, 0.2690015729251073, 0.2687659846833139]
[0.226999743141893, 0.23017202682463758, 0.2323894879182818]
[0.24907405924028853, 0.25237556227200036, 0.24965863173922007, 0.24974495497229351]
[0.2913163610948652, 0.2908191218488779]
[0.23994703785034863, 0.2388507912283223, 0.23819379136114024]
[0.2680772755616791, 0.2684531824813878]
[0.29772433823180355, 0.29436065762262875]
[]
[0.24628305151726732, 0.24626431521501638, 0.2476299864356206]