
[0.28355831131065296]
[0.27833895811124887, 0.27829894024363866]
[0.2524873677926967, 0.25315893887627544]
[0.3092713167486927]
[0.24463627579629404, 0.24177556309646472]
[0.3125922284437794, 0.3161939382829576]
[0.23637470651825868]
[0.23184948657049254, 0.23011686596733544]
[0.2872624604405052, 0.28790481361610704]
[0.26401794516679367]
[0.25833602070432626, 0.2539252191412538]
[0.24152367743889525]
[0.28421641356569954]
[0.2966977611765835, 0.2956747609914312]
[0.24927601200391303, 0.24943284320406658]
[0.3664216974945976]
[0.3043470811999067]
[0.31514896624054684, 0.31576176527017263]
[0.3291963382496093]
[0.3207793439015972]