
[]
[0.28301897062014436, 0.2877238302097737]
[0.237398569160174, 0.24002728139203525]
[0.308536478176274]
[]
[0.29666342847530436, 0.29408945544968706, 0.2992114642028816, 0.29635035358253353, 0.29879137142709433]
[0.2639114358428951, 0.25921191442822167]
[]
[0.41896511053666713]
[]
[0.3244811292705403, 0.32180866941294667]
[0.35294766816972206, 0.3547302576345384, 0.3524472213670982]
[0.25879288257838845, 0.2575026408352195]
[0.24214302361101356]
[0.34571994514069554]
[0.2775162687954515, 0.2785858652714972]
[0.27564763013677884, 0.27716401986682415]
[0.3454443839761282, 0.34421309369491604, 0.34676311103792445]
[0.27002170074585674, 0.27043844696660785, 0.2699699911018445, 0.27055115373310235]