
[]
[0.2995225902101619]
[0.25701616687374024, 0.24840949223219738]
[]
[0.3849417074895589, 0.3908106329516703]
[0.4400679730304328, 0.44033014788651514]
[0.33574413191263214]
[0.2644290733352632, 0.26313227657970634, 0.2638848249095]
[0.28936505241545346]
[0.3645646532974123, 0.36464096833681703]
[0.34856905342576344]
[]
[0.36158356556777943]
[0.25850442306545174, 0.2578351940322951]
[0.25813733747261713]
[0.3482198133647352]
[0.28454683660740016, 0.2823438747443577, 0.28509961303299086]
[0.25464969810776605]
[0.28663782252606074]
[0.2947940010579137]