
[0.34351418953183827, 0.3437128885672295, 0.33999630383334584]
[0.346009096793958, 0.33943400683914415, 0.3406986471192339, 0.3395574194815901, 0.3438717778248097]
[0.3974728442142212, 0.3938583103925413, 0.3926928851205922]
[0.30270188299510636, 0.3010521020552374, 0.30495777876890623, 0.3037205167069562, 0.30273654291765256]
[0.3755366781597701, 0.37218597326791436, 0.37350048019716936, 0.37223996987091856, 0.37555933082143544]
[0.4111860973250242]
[0.34886514141195024, 0.3439376026736424]
[0.3979713916591308, 0.39631933623121307]
[0.3406356441640074, 0.34052264565677154, 0.3463489208737654, 0.3412300397471687, 0.3453498126753554, 0.3434065161250458, 0.3430908058665851]
[0.38391371744715264, 0.3880815280579881, 0.39344437886108863, 0.3873630064272449]
[0.32313192216805425, 0.323459021328741, 0.327802014749312]
[0.3913733282524282]
[0.34594081854797354, 0.34704855258248163]
[0.3296070586521359, 0.32824842911998126, 0.33229907649319007]
[0.3584292298388813, 0.36120753971912856, 0.3635097160540395, 0.35762761406197163]
[0.3177241700280731, 0.31782151318589347]
[0.2970943863263441, 0.294826508659113, 0.2911474831691806, 0.2897688748640984, 0.2940396096558383, 0.29103962276883616, 0.2961685739707356]
[0.38274880455560734, 0.3832230210829759]
[0.3620146027434787]
[0.33184044864271506, 0.3325368388494437, 0.34001113084336687]