
[0.6012593191380228]
[0.539510851703009]
[0.5200534435010847, 0.5217537365002833]
[0.5355775844309291]
[]
[0.5656475130504297]
[0.5499481361404969]
[0.6219835967160101, 0.6180634016073615]
[0.5381914297036532]
[0.5852360652042886]
[0.5123273838082485]
[0.5006167372454718]
[0.6060718140363054, 0.6040475977562695]
[0.6196394606355972, 0.6197976834333327]
[0.5760547171324848, 0.5724807641165787]
[0.561225960923181]
[0.47683349744600234]
[0.515719790264377, 0.5131247904169184]
[0.5241295155585342]
[0.5410719695665993]