
[0.4725125023632957, 0.4747913648640602]
[0.5116088491616737, 0.5154384843114821]
[0.4699321296299731, 0.46939953842989, 0.4689065672055972, 0.4695597420189973]
[0.3605173323525325, 0.3620772239892387]
[0.4684961587753669]
[0.3813329608881102, 0.38079833219036285, 0.38112304769409255]
[0.41777013574808086, 0.41802891458636865]
[0.5205298468990567]
[]
[]
[0.45157725637436785, 0.4481119911862724, 0.4469394772645461, 0.44266959857133953]
[0.35065066821265817, 0.3532278828791911, 0.35570510796079724, 0.3505916638388108, 0.3507225300411421]
[]
[0.3780388907568059, 0.3764671725948245, 0.3766794689591206]
[0.48730920006154865, 0.48236856553719]
[]
[]
[]
[0.40544529845075533, 0.40848072823868714]
[0.4660139596439834, 0.46192851477893354, 0.46537443358135894]