
[0.5122985939830318, 0.5093360041534845, 0.510878520942796, 0.5111084490232987]
[0.5279135883137115, 0.5316031085787001, 0.5218563871271275]
[0.5407509074390945, 0.542163943447529, 0.5468452881655659]
[0.5955545902736873, 0.5960738224411529, 0.5933568109179139]
[0.5643121825592745, 0.5561543185685217]
[0.4810797915282074, 0.4821311565987862, 0.47715018419997335]
[0.46497899449772573, 0.4698735423060069]
[0.563361312226179, 0.5650782971643378, 0.561997699620944]
[0.4931256613070655]
[0.5895819650794584, 0.5900967010677188, 0.5907223592493444]
[0.5445524698933254, 0.5402065788053992, 0.5398177106298367, 0.5420353509502326]
[0.5295900569572443]
[0.5469551835680407, 0.5528728628199941, 0.5456679919683831, 0.5426231196507735]
[0.4935417829265337, 0.49011829287534353, 0.4917103390281418, 0.49420554030691866]
[0.6614643181300204, 0.6589585742837606]
[]
[]
[0.6557756720335295, 0.6604018739507397, 0.6540992528889426, 0.6546957672939476, 0.6579293747593399]
[0.560243301278516, 0.5653132907249901]
[0.5031694884414426, 0.5037870212066218, 0.5046576692151429]