
[0.26504959988448806, 0.2625252768249862, 0.25635265181072225, 0.2633804169019227]
[0.2824286653149877, 0.2854265280890935]
[0.2696382086932197, 0.26109508453840385, 0.2651408719443524, 0.26280750875520403]
[0.26911571628519276, 0.2607753675216332, 0.27131318367075774]
[0.25708284940232257, 0.2623129251574398]
[0.26767545258135245, 0.2654404257530882, 0.2655148349493187, 0.2626181654007582, 0.2617370854191133, 0.2694582762375909]
[0.26469052992083547, 0.2713446867384998, 0.26757472153910655]
[0.2645682448467996, 0.26606134408552623, 0.26698548794546684]
[0.2624799674790744, 0.2538909423312075, 0.259627757952152]
[0.27170740105422553, 0.2672812112088597, 0.2639218686257239, 0.2653055544934816, 0.26744658662095117]
[0.26447563389385165, 0.270366312958575, 0.2704264352085016]
[0.2671815450374153, 0.26255421643218174, 0.25801445337785806, 0.2598545497276113]
[0.26586562165644956, 0.2640974122302415, 0.2584747106091667, 0.2609870627197776, 0.2643427156310741]
[0.27257441787072567, 0.2723397116900243, 0.27362619385224746, 0.2616528581395443, 0.2660380345494722]
[0.2652600431331429, 0.2639245699538986, 0.2561789181387128, 0.26140336691909133]