
[0.32301577780993934, 0.3142522735725659, 0.3139446221609744, 0.2998800698774518, 0.309891078598869]
[0.31216646781861795, 0.30110549056830677, 0.30293430546373334]
[0.30994977881789276, 0.30489346706222803, 0.3104349249668345]
[0.31629310678250283, 0.3079348225516487, 0.3028934412905697, 0.30547960172504146]
[0.3133423713022262, 0.3070478614390076, 0.30697622382802847]
[0.31660914816841473, 0.3104571377353998, 0.30459075958709925, 0.30509408867047]
[0.3182924884700635, 0.3136357993133872, 0.31227730199214127]
[0.31610454644430575, 0.31029476812843254, 0.31282187713064585]
[0.30330504107063916, 0.31564721920284367]
[0.31498453339887694, 0.31288470136965846]
[0.3081766823140872, 0.3014866903785461, 0.3127803485283234]
[0.312038158569694, 0.29999161621159137, 0.30610649514428695]
[0.31400842371554644, 0.3096639858134801]
[0.31429325302512545, 0.3126372057032528, 0.3075205219248966, 0.3076613517922538, 0.2994645922883364, 0.2981268195621758, 0.3097472865945561]
[0.3113552462860571, 0.3060192775479188, 0.29896487606940214, 0.3051394809492574]