
[0.3587865238880672]
[0.4238919015634791]
[0.3473101553905077]
[0.46909536331771606]
[0.31805889140080645]
[0.3948873492566878, 0.40017696665061553]
[0.3179295790289477]
[0.3024754145174174, 0.300876439139724]
[0.3501665751478924, 0.3533769644762486, 0.35339245185769985, 0.35037342196028254]
[]
[0.3009146676965174, 0.30364015031598085]
[0.40274917568067076]
[0.36087294276203236]
[0.38847905081000833, 0.39242690528747326]
[]
[0.36923570424448243, 0.3702395799422521]
[0.43376787336715694]
[0.35781017040276414]
[]
[0.3455843738676374, 0.35509812106132327]