
[0.3818262162119394, 0.38272221096988424]
[0.34970296042445914, 0.35265099155792556]
[0.32568736857935776]
[0.4368926991464092]
[0.3155071723463503, 0.31862672800987074]
[0.37235843039482436]
[0.4114177408142278]
[0.3604500188965209, 0.3588557215178634]
[0.38949686132003175]
[0.35487692096153933]
[0.371686364215605]
[0.36871939884030447, 0.3694206091362877]
[0.32152226072134826, 0.31650859026338696]
[0.42076452843541445]
[0.3756859173067879]
[0.426671753112191]
[]
[0.348895117898045, 0.3525212295754568]
[0.43434303623253256, 0.4379635966310909]
[0.3143169787046407, 0.3123207388078335]