
[0.4791823614048616, 0.47502365222177684]
[]
[0.5532238048547742, 0.545443431469447]
[0.5108768569067247, 0.50774566115143, 0.5088703959072018]
[0.5309130254370104, 0.5311707358845313]
[0.5231845286147281]
[0.5574998508635103]
[0.5726268343153681]
[]
[0.48742226000804767]
[0.5136247352687067, 0.5127085516389305, 0.50663441983439]
[0.539760720900982, 0.5369977034664609, 0.541107777740357]
[0.5250495462334605, 0.5257501025988294]
[]
[0.5578537972008634, 0.5539092757538919, 0.5573841853200888, 0.5500542878300257]
[0.5527600517865702]
[0.5027129313922022, 0.5067237725491806, 0.5088039160708052]
[0.615879423973741]
[0.5410346112026563, 0.5478416735664531]
[0.5732503674193318]