
[0.39241319710547945]
[0.4524008576170318, 0.4524508016359848]
[0.33671640901876]
[0.3980025616587539]
[0.390887417622526, 0.3978134391903359]
[0.31992201612129223, 0.32670210085920154]
[0.43667361270814425]
[0.478524954507933]
[0.46297100911986344, 0.4660453220926904, 0.4586660289461307]
[0.35545903332764556, 0.3527844878673635]
[0.4250692074088645]
[0.3586574937123396, 0.35713076129207294]
[0.4800817898470939]
[0.42889001479383887, 0.4329415181567635]
[0.3889179000484939]
[0.33487749587825416]
[0.36642913600460425, 0.3575209427574198]
[0.43602542704069547]
[0.3902708637811204]
[0.40946230468242656]