
[0.4103318630001583, 0.40921262691577054, 0.4095797029078865, 0.4113859337895652, 0.4138994347481397, 0.41288044937546237]
[0.46956214527433854, 0.471033648466941]
[0.4088115982899966, 0.40739705397759457, 0.4077885490834705, 0.4068437011665846]
[0.4033241177263703, 0.3993153550011641, 0.40278649877483536]
[]
[0.4718570102118819, 0.47483592061469626]
[0.36310262157043827, 0.3597036665439838]
[]
[]
[0.3702178866721529, 0.36530715576998124]
[0.33710930859881505, 0.33326433480225304]
[0.42842353853609694, 0.4308605161739434]
[0.37646312868762216, 0.38161252256691836, 0.37918718670683715]
[0.4246021012365845, 0.41985188965253845, 0.42154518021938203]
[0.34245006816648504]
[0.4450548045849391, 0.4413343453844281, 0.43687976900526276, 0.4377440271889043]
[0.4068591234861411, 0.4047236275076357]
[]
[0.504210920281634, 0.5021795760510396, 0.496697859634903]
[0.34292041766900166, 0.3359817819341929, 0.3427666843490731, 0.33914955378956163]