
[0.5694304479283909, 0.5654512600533343, 0.5659514046688393]
[0.5561037509379768]
[0.5477560567388476, 0.5418935729154805]
[]
[0.5179468312683331, 0.5182905396070857]
[0.5026261742265733, 0.501471808725843, 0.5011779078977608]
[0.5293597457865281, 0.5298165786529242]
[0.510269004800334, 0.5138045988728535, 0.5144801877971953, 0.5114290090657199]
[0.5549376863236369, 0.5574944564773091]
[0.41041015325446983, 0.40877189169402217]
[0.5645833094368397, 0.5654235894077837, 0.5670571135852599, 0.5622813293582637]
[]
[]
[]
[]
[0.5073086264720593, 0.5066953392882041, 0.5041812692762621, 0.5098361325795063, 0.5080005061655855]
[0.5270108826107327, 0.5296574227090343, 0.5242950997042174]
[]
[0.5721469782557965, 0.5714431936368557]
[0.4439906893468559]