
[0.6091815597951714, 0.6113457044877809, 0.6085203615767849, 0.6130887311833354, 0.6136138808718646, 0.6130733418677826]
[0.5918319908019406, 0.596689327673624, 0.6007412665497243]
[]
[]
[0.5542396467726795, 0.5510857787639682]
[0.535630053167223, 0.5371213909525178]
[0.5540931148402582, 0.5585617989513104]
[0.4001773038661606, 0.3985036363513643, 0.3983533832893644, 0.3995493421982533, 0.40003749952474443, 0.3976177977630106]
[0.5565636659569014]
[0.5681270048584677, 0.5676335135613593, 0.5673777118577458, 0.5729234603808993, 0.5690280691119629, 0.5667015659326179]
[0.49072116127878945, 0.48692644104577093, 0.48948766988226655, 0.49154025830585757, 0.4886350074222939]
[0.5827437998973664, 0.580482747164263]
[0.5971702662104388, 0.595849132572563, 0.5962880302188789, 0.598336519478737, 0.5871218801177496]
[0.5772675119371629, 0.5786131387613108, 0.5816965510549054, 0.5755966482233665, 0.5809327639886818]
[0.576931588538477, 0.5749431011591484, 0.5805858188413019, 0.5721435300390095]
[0.5405611497258905, 0.5393255566665298, 0.53895130692789, 0.538735783202619, 0.5382871123465907]
[0.5481267284854678, 0.545988043156362, 0.5477368875482158, 0.5493676424278991]
[0.5105808253347225, 0.507462236938509]
[0.5472816568097603, 0.5526448190748315, 0.5481361183587458, 0.5469919414707668, 0.5509092836356361]
[0.6249530954762896, 0.6217406411393563, 0.6240694414074539, 0.62942864449395]