
[]
[0.45167831345308024, 0.4511454912032415, 0.4515694673725578]
[]
[0.592730000139117, 0.5913131046712415]
[0.4837518745399872, 0.4875806494807852, 0.4805945281979501]
[0.5464296931836581]
[0.46235028070021145, 0.4683533478012771, 0.4637134268416587, 0.46956887241398204]
[0.36181674881883796]
[0.4459674433488328]
[0.5145902729279299, 0.51741789501079]
[0.48295476260605946]
[0.48307956457946155, 0.47786622473250673, 0.4795249304176686, 0.4823875119992593]
[0.46992047779590534, 0.47822613173747036, 0.4733408783013001]
[0.43935696292442533]
[0.4390803011512293]
[0.3638942405366445, 0.3697211617717115, 0.365974305278519, 0.3688951142650218]
[0.3980751757531638, 0.4023694357505318, 0.39874273250653675, 0.3959065871705987, 0.40036447160395805]
[]
[0.5015185371801538, 0.49975708386972933, 0.5026596615960937, 0.49524788270019465, 0.4978960039285879]
[0.5599675609257773]