
[0.30000399054538507, 0.301409325992993]
[0.336073753483063]
[0.39933548455138274, 0.4030995623136101, 0.4006449824562957]
[0.35873721954083865, 0.3592767023533603, 0.3577616559946417, 0.36136634748590324]
[0.34592892628756755]
[0.36935401062933]
[0.3338088811161666, 0.32925454903454526]
[0.33824860212066715]
[0.3193859842079954, 0.31299112626802417, 0.3144404647407206]
[0.3449243228141414, 0.3427696095595214, 0.3459650798199889]
[0.38554740835591883, 0.39045534869144827]
[0.3066536272766146, 0.3085769478239354, 0.30774052485258974, 0.3075709312357317]
[0.3125412550743025, 0.30807232000116586, 0.3059127951131505, 0.3071045034842996, 0.3074949336582163]
[0.4142572182596321, 0.41566506443308354]
[]
[0.40498467021983237, 0.4033811734858845, 0.4050811131125405]
[0.3933578418481148]
[0.3613925446593845]
[0.33511688072508444, 0.3293836837999025]