
[0.43010934471205914, 0.4306399436007774]
[0.3925732429677518, 0.39729468254345585, 0.3915770637017872]
[]
[0.38768643825616905, 0.3902332749381107, 0.39011230331509605]
[0.3203325184980009, 0.3214972501547148, 0.31912300286150846, 0.32233396591678887]
[0.3721190157599169, 0.3758033927438031]
[0.373533754994858, 0.37191181701523185, 0.36956335924307715, 0.3663869724750154]
[0.4102351029630452, 0.41195989650039033, 0.41393600049724627, 0.410109367964054]
[0.40939138405602293, 0.40825012448089204, 0.409251930143587, 0.4105171858293788]
[0.38418424743090407, 0.38718178953813437, 0.38879008786446884, 0.38969133736981937, 0.38501958446090506]
[0.3437120501493047, 0.3404699234598562]
[0.3806274507302286, 0.3759759656792471, 0.37857328093936715]
[0.34962009212157585, 0.34942014596253795, 0.3475497540008276]
[0.3726836534268291, 0.3675240978975847]
[0.3477951914835179, 0.3479532080628678]
[]
[0.42198362092508307, 0.425070994262613, 0.42072669813505087]
[0.45480445606857095, 0.45857419869460325, 0.45588263862413586]
[0.3509699575332219, 0.3482731718981628, 0.34971495876717856]
[0.4134798688148327, 0.4165919581576318, 0.41997642500857224, 0.4149260450214855]