
[0.40867195303222154]
[0.5289813460604331, 0.5347022350509848, 0.5289748782342691, 0.5348524562623286]
[0.43647896795494506, 0.4318130754565832, 0.431561143479755, 0.43331073350454447, 0.43667114733453416]
[0.42971106237120915, 0.4301359600238203]
[]
[]
[]
[0.43800925027874865, 0.43894892800352053]
[0.4996022814755306]
[0.5035532154242759, 0.5014684943519105]
[0.4505178587413858, 0.4512213323328419, 0.4525174318138206, 0.44856560095326314, 0.4504304549280259]
[0.4917942552146115, 0.4871745498177266]
[0.5286273193936694, 0.528147890072751, 0.5244976335895719, 0.5301812176683777]
[0.4566450564870614, 0.45668596077256973, 0.45955050350141363]
[0.43839152853664104, 0.4387184845672652, 0.4395185728576989]
[0.4570230230733832]
[0.4509600746245244, 0.45077957931669105, 0.44947709309378703]
[0.4176119458971204, 0.4161477189286689]
[0.45804709197703114, 0.4593937024357562]
[]