
[0.5038131953363222, 0.5007808306596717]
[0.33109468168792633, 0.33080996558259473, 0.33195535781303753, 0.3340965277908941, 0.32948903452930023]
[0.3918724783852273, 0.39182304861694495, 0.3898101509341249, 0.3911052121361161]
[]
[0.48260083710207935, 0.4833085154368827]
[]
[0.44076963853918194, 0.4391735849585184]
[0.38213253418561804, 0.3826716826919265]
[0.4389209057032558, 0.43931740813208414]
[0.36607871776900053, 0.3643317552779021]
[0.4104398786483658, 0.41208724230283683, 0.4131317625153623]
[]
[0.4461836672068183, 0.4433423596862506, 0.44417563533003424]
[0.3688871897550567, 0.3730630785741494, 0.37146596067102705]
[]
[0.3855416620200398, 0.38233636874792337, 0.38620501019065545]
[0.35650415607050223, 0.35927854367027084, 0.3578021224861004, 0.36237598155212003]
[0.5282204366283795, 0.5270972648153966, 0.5242814004334028, 0.5232168315818098]
[0.4260899892254748, 0.4296930373564154, 0.421698940509724, 0.4260743315404961]
[0.4677549890760672, 0.4745641642253382, 0.4680098973708202]