
[0.5013063670993888]
[0.49002398734590313]
[]
[0.4344150803232956]
[0.4223868815184131]
[0.5226964660091717, 0.5220398808492221]
[0.596086124170063, 0.6012183409488375]
[0.4579841666126829, 0.46167601510038325]
[0.4871386660599843]
[0.4354911199867755]
[0.4146651283829354]
[0.4829873810600711]
[0.49196660891427774]
[0.46133374557327583, 0.4582134834431913]
[0.5533481900912406, 0.5549627880471317]
[0.4088409028537306]
[0.5651597239433578, 0.5620395650425001]
[0.4846177875962287, 0.4837468189749608]
[0.3879465344463811]
[0.47783909104990296, 0.4757196710826372]