
[0.4497467220067017, 0.44903132444614957, 0.45025879047592576]
[0.46134299778727106, 0.4619501557434757, 0.46423314926718917]
[]
[]
[0.46966439018346373, 0.47123425045879974, 0.47246950288249423, 0.4708148592267904, 0.4725867488580939, 0.4723522843699547]
[0.39479597666846, 0.39095762272702156]
[]
[]
[0.45088357911043264, 0.4499405114998263, 0.44756456273615197]
[0.5499868533209414, 0.5457588118767196, 0.5453822658040092, 0.5503246768575238, 0.5517629131730124, 0.5451971096390155]
[0.41368506984181713, 0.4180094279196606, 0.41790911391686597, 0.4135604860386642, 0.4123791846363325]
[0.44406074634338516, 0.45124749499307176]
[0.45450906752654824, 0.45232723141771486, 0.4560674276331861, 0.4541399653681751]
[]
[0.4934387988145052, 0.49010981832093914]
[0.462601313425379, 0.47047120956704414]
[0.4364830272921712, 0.43841476163749143, 0.44204896939370386, 0.4388078155031335]
[0.5128878709936766, 0.5137092554739634, 0.5006307452934415]
[0.4445568363563567, 0.4439032616514971, 0.4487857151316356]
[0.4657646646861893, 0.46092057948957676]