
[0.3700911514272285, 0.3765505099541854]
[0.4411602518101672, 0.4422747587425828, 0.4406468907691365, 0.44797285391125086]
[0.4275557290098309, 0.4316063207637806, 0.43042209406579957, 0.42935783174642317]
[0.366021732002086, 0.3641599290132994, 0.36323283736137013, 0.36524607888399213, 0.36663649275517346]
[0.401975065610817]
[0.4375234132747255, 0.4349913441313925, 0.43842060622355855]
[0.4705685918558733]
[0.4126142537968891, 0.4158655664739746, 0.412328032353224]
[0.46767122245775106, 0.45930239142045387, 0.4610890132296501, 0.46022931546498125]
[0.34484461756767204, 0.34977360964307114]
[0.3459978776886586, 0.3465191067316568, 0.34371672313023915]
[0.44003141617517616, 0.4445692600432206]
[0.4930846959063695, 0.49755753647628]
[0.3952505094658788]
[0.3307562235364221, 0.3335717790285041, 0.32889365152357136, 0.33223592236695]
[0.40148561514813474, 0.4020740116613124, 0.3969273556653128, 0.40386452799799155]
[0.376941298023749, 0.37954955355708514, 0.3738357246867644]
[0.3708988668814668, 0.3734617353669866, 0.37358316463728897, 0.3762331716751595]
[0.356701712070456, 0.35996793586006537]
[0.37472616814950255]