
[]
[0.3969628914009255, 0.3909561027571967, 0.39593091218544074]
[]
[0.359323513175616, 0.3653093092895514]
[0.3657288414016087]
[0.3477122637571704, 0.3499634163277774]
[0.37486981616144266]
[0.3589609496381043, 0.358747692800344, 0.35951197913399735]
[]
[0.3778958441295837, 0.3794547290387158]
[0.4617154070314008, 0.4583870772299495, 0.4591193072169801]
[0.3285021867627122, 0.3315127522807826]
[0.4203044583138822, 0.4172441808074101, 0.4251195737619267]
[]
[]
[0.43396847491709484, 0.42946755211270976]
[]
[0.37136059515862774, 0.37463981544823166, 0.37788458015124027]
[0.3525576508519068, 0.35705819808154843]
[0.30825660976693176, 0.30864562692737685, 0.3073016507235332]