
[0.5224757179087255, 0.5165775893694562]
[0.45925990979012143, 0.45580865418745387]
[0.5963794001234718]
[0.5472432955739914]
[0.512574088504041]
[0.5493374947197638]
[0.5004283650360508]
[0.5403326994838933, 0.5434853406532449]
[0.4516466193830311]
[0.5779831567297272, 0.5798310441605865]
[0.532386720504206]
[0.6092551733660863]
[0.47553669046166086, 0.47736413310389597]
[0.568955373859764, 0.5747291507238981]
[0.48589670066391544]
[0.5064720040704573, 0.5106667004242393]
[0.470164084478918]
[0.5519548622980363]
[0.6008178978380028]
[0.5256639562541077, 0.5290227166358866]