
[]
[]
[]
[]
[]
[]
[]
[]
[]
[]
[]
[]
[]
[]
[]
[]
[]
[]
[]
[]
[0.4998730377592101]
[0.5852355021775185]
[0.5604275144220761]
[0.5241313213211057]
[0.5116334942261598]
[0.47883704007347144]
[0.6088117883399703, 0.6057855467501196]
[]
[]
[]
[]
[]
[]
[]
[]
[]
[]
[]
[]
[]
[]
[]
[]
[]
[]
[]
[]
[]
[0.5184169141713444, 0.5117157886817966, 0.5243920697817321]
[0.5532724064046025, 0.5558941925845255, 0.552297813516102]
[0.5228206681788871, 0.5110300125390718]
[0.533545514781639, 0.5392756652844176]
[0.5053094196708842, 0.514152012723728]
[0.5117610338409274]
[0.5305137276576221, 0.5235063003927668]
[0.5393559247574965, 0.5372506989347766]
[0.5606247828070372, 0.5671033353073108, 0.5785650736711212, 0.5646119790345472, 0.5683987645394475]
[0.525513318979879]
[0.5543686890893125]
[0.4678814790268809, 0.4621442434725117, 0.46343419019479204, 0.46188748730916096, 0.46630356644229404]
[0.5486854046111674, 0.5457533642401756]
[0.5289323861801359, 0.5266052612688038]
[0.5651733800906859, 0.5539660534885539, 0.5513930786600975, 0.5566861443445954, 0.5563545648406302, 0.559633788299203]
[0.6002926699153721, 0.6031098984208326]
[0.5424573183862379]
[0.4960131772615899, 0.49025479712355485, 0.49827726288614815, 0.4955779419392497]
[0.530473558577233, 0.5355502780022856]
[]
[0.5489973897492376]
[0.5718870443986046, 0.5706314894463194]
[0.5540330336482064, 0.5546340714366697, 0.560099218671727]
[0.5673818688776953, 0.5681585322166505, 0.5575662491175885, 0.5652956282945332]
[0.54994952883376, 0.5494291753727251]
[0.5619719533121419]
[]
[0.5421423753591891, 0.5425625093433539]
[]
[0.5351060892576637]
[0.5563214595538791, 0.5678403643525054, 0.5703135706163844, 0.5513568912822892, 0.5601650663783146]
[0.4788621752390697]
[0.48247610642116917, 0.48443461635422674, 0.4838192885601495, 0.4802531693996594]
[0.5452411256566063]
[0.5582354500697357, 0.5643122561637327, 0.5645825299072822, 0.5617466322700292]
[0.6166276503747504]
[0.5743931969214182]
[0.5685051629310034]
[0.505246064940576, 0.4946382671474417, 0.5095789828930747]
[0.5817535962635403, 0.5766113163745945]
[0.5349479582336134]
[0.4988229114551754, 0.5008328963178211, 0.4994918876811216, 0.5033135720064162, 0.4995677661675085]
[0.552254705661987, 0.5595737756097262]
[0.6042391106852556, 0.5997159290656549, 0.5954776250315392]
[0.5437039423155562, 0.5451122461408965]
[]
[0.5186170900091832, 0.5237681939768828, 0.5251189917107433, 0.521801762715708]
[0.5271773264446726, 0.5308076117027174, 0.5303012151572343]
[0.573973324415378]
[]
[]
[0.5441475786041935, 0.5382779543523579, 0.5404941375509109, 0.5436096458680801]
[0.603051338198052, 0.5946838116069759, 0.5939417576284124]
[0.4854196344491208, 0.4823117503114586, 0.48139477720276175, 0.4813042729365744, 0.4958188997401184]
[0.5147780848958079]
[0.5072863124554697]
[0.5198243509076633, 0.5143174642924484, 0.5158025287300088]
[0.5495245945218168, 0.5317206724080006]
[0.6177577252012799, 0.6153098880477641]
[0.5183374904298057, 0.5185532750293256, 0.5231378702724159, 0.5206696458610797, 0.5128623154671149]
[0.6304234632326383, 0.6284279163922878, 0.6272489329767635, 0.630428340598922]
[0.5268369271769616]
[0.5686190715744968, 0.5747472448707226]
[0.5066557188329295, 0.5004177831889144, 0.500910929307845, 0.5033080882726415, 0.49856015246260854]
[0.5696940187478564, 0.5742077713982565]
[0.5000604793232093, 0.5043659849849234, 0.5061633332235134]
[0.5446503423001977, 0.5417886964243968]
[0.5389366415849197, 0.5430588267367085, 0.5459984815213985]
[0.5663279440230987, 0.5643964343983608]
[]
[0.545767847273045, 0.5434868385895152]
[0.5290093380757166, 0.5197841865315133, 0.521791359929367, 0.5245524546894008]
[0.5703359545548705, 0.5732793716526096, 0.5736335135994639, 0.5733452025238606, 0.566751444363196]
[0.5381068516165902, 0.5425223587236145]
[0.5810338050540809, 0.5779082010451327, 0.5736330977096118, 0.5792935717253564]
[0.5529997964290331]
[0.5488559685395664, 0.5489345897763908, 0.550150072514645, 0.5445806529435837, 0.5421989950923165, 0.5406873517079612, 0.5422759625404859]
[]
[0.6173416480948466]
[0.5784381134808936, 0.5686887890423432, 0.5591313982899626, 0.5681351251198146]
[0.39552516439651597, 0.39255284093148063, 0.39115942252687214, 0.39394729369555853]
[0.39188643627434405, 0.391698964775413, 0.3981085741585452, 0.3909419032509793]
[0.41817638973860577, 0.41610954890152835, 0.393680582024926, 0.4006175904576872]
[0.401503257048638, 0.3873964403070099, 0.39475256834254696]
[0.3943912740200142, 0.4050491378380837]
[0.5053568160666728, 0.43336417275725336, 0.419646442933481, 0.4009584015698259, 0.39188761714806836, 0.3899363052102218, 0.3902977257561228, 0.3910805003684253]
[0.3958926399861533, 0.40726187278416465]
[0.40617522010551704, 0.3874230582812675, 0.40289479327772]
[0.3984250889211616, 0.3992566799037323]
[0.3881948396249731, 0.39346391775363543]
[0.3961289741888109, 0.3934060163100031, 0.39715773018286976]
[0.45481554537143104, 0.43844096830429463, 0.41592567047800366, 0.4212477786374149, 0.40014639499864946, 0.40001102896444346]
[0.4100443107949439, 0.39888394348846873, 0.3969921230336234, 0.39196259517076587, 0.3921294072356195, 0.3878541214791894]
[0.3972776840105699, 0.3925559327444487, 0.39031018818026614]
[0.3893148320726412, 0.3918486467806003]
[0.38610689492205535, 0.3840919390645802, 0.37845750628741864, 0.3878092341861729]
[0.41256407908897647, 0.40106790455302593, 0.4008591974849087]
[0.4304736558230556, 0.38905127253230815, 0.38995799461862846]
[0.39830852906247527, 0.384934489242148, 0.40789835444376576]
[0.38608090818349583, 0.39908582458929315]