
[0.4350574310801128, 0.43419799965173156, 0.4283672266379361]
[0.3517515018955766, 0.3507452791195367]
[0.45396608230395935]
[0.42910231108342706]
[]
[0.4915496404829529, 0.4851921779798823]
[0.3903706989839219, 0.3882761196227749]
[0.46463181872336357, 0.46565316145481045]
[0.534546731288552]
[0.49791323484712885]
[0.49348747600305604, 0.49224656714083814]
[0.43700990435677456]
[0.39052002431282146, 0.3871651911010764]
[0.46156862788265635, 0.46646928105605345]
[0.4631685279945978, 0.4692480106962455]
[0.45258621278182587, 0.4474903542526614]
[0.5222066911544269, 0.5194214856274109]