
[0.5804984636653181, 0.576884555352303]
[]
[0.5311939035923822, 0.534014145950203]
[0.5275668227536715, 0.5278579930061461, 0.5301518011180206]
[]
[0.5383665970331111, 0.5438946648303095, 0.5392859157698651]
[0.5345651447516384, 0.5329043549275547, 0.537187989952909]
[0.47174576375080784, 0.4765252617422244, 0.4758514582053783]
[0.5571685339261541, 0.5564603233744292, 0.5535583814562784]
[0.5964986313392007, 0.5894570057645347]
[0.5929911330263075, 0.6036373325877353, 0.6041270130588451]
[0.5556947986196453, 0.5555824057313706]
[0.5149127367980137, 0.5175291919907331]