
[]
[]
[]
[]
[]
[]
[]
[]
[]
[]
[]
[]
[]
[]
[]
[]
[]
[]
[]
[]
[0.5562405593598588]
[0.4784307014427099, 0.48071147250381535]
[0.5554227832187753, 0.5561494104833141, 0.5586087241160067, 0.551667083023881, 0.5607759734708074]
[0.4450748293073967, 0.4367644685901137]
[0.47995823703778034]
[0.5043040482617236, 0.5028241330238967]
[0.5397854536205996, 0.5371512138445641, 0.5403088420896147]
[0.507470761762796]
[]
[]
[]
[]
[]
[]
[]
[]
[]
[]
[]
[]
[]
[]
[]
[]
[]
[]
[]
[]
[0.5307743198510779]
[0.5351310248129824, 0.534820287681528]
[0.5226324054500634]
[0.488375427997004, 0.48598039993986286]
[0.5001976932400128]
[0.49939875563556657]
[0.5797198520487897]
[0.5498848741649014, 0.5595044379872866, 0.5557865711513307]
[0.5135512610831047]
[0.4632169350570038, 0.4664782354949294]
[0.5358395653331641]
[0.520765324711138, 0.5228800193869648, 0.5236227391017572]
[0.5071101558147568, 0.5009952317182935, 0.5009727028591123]
[0.5490273452429608]
[0.5027474756503012]
[]
[0.4818377635578992]
[0.49780887835568, 0.49497905271413906]
[0.4565259935996229, 0.4602833088054093, 0.4629708689586859]
[0.46451648390042066, 0.4563737483572912]
[0.518873449472466, 0.5328407789521529, 0.5248728641736422, 0.5218460637974698]
[0.5264690264081243]
[0.5330500397069979]
[0.518805772776875, 0.519782609666299]
[]
[0.43070387529748644]
[]
[0.4633381935151768]
[0.46148583385786934, 0.4643948174252179, 0.46440543890198716, 0.46470023477902556, 0.46739517908814604]
[0.5114813811037743]
[0.4824523674484505, 0.4874920212138957]
[0.4644077297268608]
[0.4784721775630143]
[]
[0.5242215869970622]
[0.425938803377256, 0.41370628943235327, 0.42528764224060883]
[0.5509003128446371, 0.5634700426249601]
[0.5732304880152279, 0.5742289201790403]
[0.4735089641363063, 0.4780906824439165]
[0.4320051781189681]
[0.5189194196385437]
[0.4873665873147538, 0.4907123760430167]
[0.448969429686303, 0.4491381606796651, 0.45473895139309367]
[0.4728366545745402]
[0.5171853586826665, 0.5303881568332838]
[0.5335880061963999, 0.5298496930039577]
[0.5286320672025961, 0.5305037807467513]
[0.5308540288902439, 0.5359077224292325]
[0.4357573364975225, 0.4310644146361462, 0.4268225498624155, 0.434037565447928, 0.42937150736757407, 0.4293705294910012, 0.4310111739156083, 0.4262472162185473]
[0.5383659646585514]
[0.45177590607123125, 0.46033732934729843, 0.45406097995054623]
[0.4666004929278653]
[0.4575170791753926, 0.46677946811544263, 0.47194822303395456]
[0.524754811471641, 0.5315733657931306]
[0.5233772984116861]
[0.5385980416234315]
[0.5266077092124927, 0.5095654721765985, 0.5113760718806034]
[0.45846158784481095, 0.4603608993687281]
[0.5426074826916838, 0.5338844013691508, 0.5324238397385695, 0.5413096401729084]
[0.5324635790592108, 0.5312917126148682, 0.5244031537166445, 0.5355093119499525]
[0.4463923203376967, 0.44958979575355784]
[0.5361564367133788, 0.5411406423687092, 0.5495963553206415]
[0.48300152797701257, 0.4839405101534408, 0.493451827989942, 0.48859543082697837, 0.48961499334320424]
[0.4954548847486126, 0.50564806248193, 0.5118853637218905]
[0.4781459238088877, 0.4756893997133532, 0.4803876335900459]
[0.4382063896890634, 0.43887544130956213]
[0.5262878880784477, 0.5316596722042266, 0.5259016311241622]
[0.5057707233821402, 0.5008703777087279]
[0.5486191708334999, 0.5407699531871606]
[0.5185564283528437, 0.5202649087072974]
[]
[0.46348948206593343, 0.4553646788504524, 0.4547894149948392]
[0.5291634978128923]
[]
[0.46357825090014926]
[0.4937730950219027, 0.48796664639554704, 0.5030087649180411, 0.48771353319330546]
[0.48103634469430534]
[0.533791795226224, 0.5383616455760512, 0.5389646300511668]
[0.4412492941208444, 0.4523513867702388]
[0.5209813109102659]
[0.36523536332533824, 0.34609456182115483, 0.36717008754966174]
[0.37564006379719367, 0.37224290527117293, 0.35265714901128214, 0.3684482791441816]
[0.3548391546464099, 0.35505581299387634, 0.35371935808093274, 0.35990663573193166, 0.35279154209938834]
[0.3590654428444771, 0.3622155492504646, 0.36301980332360917, 0.36347558015943815]
[0.3588183766041265, 0.36445211621555995]
[0.34544098816040564, 0.35722174205561763]
[0.36715043946105264, 0.3510164673450783, 0.36125086850093624]
[0.3772264161587737, 0.34970907371856874, 0.3616022562176444]
[0.3616397940533465, 0.36023724001763535, 0.361150766080066]
[0.34745254788534585, 0.36168056322023057]
[0.35100339551057025, 0.35914203769555936]
[0.34798843831600784, 0.35927468803256624]
[0.369925919253862, 0.36614290692986357, 0.3547663184658411, 0.35772334054756444]
[0.36645762894017236, 0.3526591514247707, 0.3579201618505781]
[0.3682138989757251, 0.3640839787748131, 0.36664867155531816, 0.36212746012648384]
[0.35883231649061453, 0.373043573236626]
[0.3669115592039051, 0.3623056397239625, 0.36164326853010903, 0.3651062918895326]
[0.35028011804768344, 0.35999742297568593, 0.35227164878486183]
[0.35601306529060783, 0.35496570115657144, 0.36193935283063994]
[0.3868137589927449, 0.3598251391450386, 0.36427583649028356]