
[]
[]
[]
[]
[]
[]
[]
[]
[]
[]
[]
[]
[]
[]
[]
[]
[]
[]
[]
[]
[0.45733148965933257, 0.45296911660236583, 0.4593771338020723]
[0.43317808500280464, 0.440049515132467, 0.43447827824367075]
[0.5211057782425935]
[0.5162261712262228]
[0.4428062005000033, 0.43131808166483465, 0.43895193559798823]
[0.5196957983145343, 0.5263688153348457]
[]
[]
[]
[]
[]
[]
[]
[]
[]
[]
[]
[]
[]
[]
[]
[]
[]
[]
[]
[]
[0.40114802683881035]
[0.474322296937055]
[0.4762069183075469, 0.4864178904371912, 0.473644434072427]
[0.4351393675006822, 0.44284851497593325]
[0.43033032288001727, 0.4258299729575852]
[]
[0.4465993726374344, 0.4466178803035959]
[0.5065657355208668, 0.5186597527073347, 0.5109378283178785]
[0.45309489177313556]
[0.4121863657476289]
[0.47017046346140046]
[0.520627637884902, 0.5226826361991695, 0.5239307140923479, 0.5218510576527032, 0.5273723130367283]
[0.4405975610704909]
[0.4193842211113382, 0.4231332657429849]
[0.4652293782066963, 0.46606023232073845]
[0.4581064538597013]
[0.46049141404967275]
[0.44724604477415053, 0.4528438877757644, 0.44137271351625695, 0.4531295374801116, 0.44218475399528817]
[0.4428303492390003, 0.4349406148206956, 0.43971979024562974, 0.43427704699497255]
[0.43305865914492514]
[0.46113126047665987, 0.4555795661740419]
[0.4077068260202329]
[0.4133704177611971, 0.4079183087544662, 0.411059430834359]
[0.4843160183962937, 0.4856457442933258, 0.4799035195998926]
[0.42629087028064694, 0.41771208590489073, 0.41947783033808367]
[0.5182593915085106, 0.5139497219400263, 0.516425273285291]
[0.40701920649031453, 0.40707584304063976]
[0.42432493403434624, 0.42262619536472473]
[0.38938194388833, 0.3865356138615043]
[0.4576362808302714]
[0.44071740947374816, 0.43943592793307357]
[]
[0.4488824523347638]
[0.47702635600994764, 0.48616367721843057, 0.47927540339006924]
[]
[0.4409522746104831]
[0.4534029641770706, 0.44815777822218456]
[0.4526876103698766, 0.45521578017631087, 0.4546588518083832, 0.4609301672542265, 0.4575716620446851]
[0.5019079816768671]
[0.43725794766755166, 0.44974086775914507, 0.4497377314576132]
[0.41109729904442693, 0.4049993703639023]
[]
[0.43364178966989464]
[]
[0.4179031830761056]
[0.45537161109153773]
[0.49974984301842434]
[0.46688138789192835, 0.4686579523988601]
[0.431958745802449, 0.4382495973157107]
[0.4585288629862894, 0.45724816028912124]
[0.3982834436875869, 0.4098296979200927, 0.4034188719372033]
[0.472330440237185, 0.4803079041830829, 0.47868578609959744]
[0.4306970323919574, 0.43596823967747106, 0.43880599168198103, 0.43853548659281]
[0.4202409009648791, 0.4179975336104157]
[0.4414927959971415, 0.44601486413472213, 0.4316714371423465, 0.4456352032994376, 0.4320158876583417, 0.4413191425010637, 0.4404770414124962]
[0.4148128707362527, 0.4188850768781479, 0.4163752062795768]
[]
[0.4341173776526105, 0.43809351473447117, 0.4492418786619792]
[0.43751703846438156, 0.44030843330697983, 0.4295296533451121, 0.44248930280347315]
[0.44626880457091805]
[0.44881296150005345, 0.45047620883007244, 0.45347200447522423]
[]
[0.4600119568772707, 0.4609048621056785, 0.47430648420584626]
[0.41531976373250384, 0.4018060023728451]
[0.4581544705743874, 0.45617330186719257]
[0.42464653416183756, 0.42455315403825394, 0.4293746240302776, 0.4237523768810527]
[0.39437180087521473, 0.39233095470552526]
[0.47866047358006253, 0.4778435117776319, 0.4754280398967546, 0.47447818710869144]
[0.4232038369798912, 0.40925453065398104, 0.4098122826676853, 0.41818656986175834]
[0.4279724105512592, 0.42179860607352015]
[0.4861773862757634, 0.4847652374143531, 0.4824674587038094, 0.48147638419824634]
[0.41869151004052385, 0.4279631109527071, 0.4315316539246995, 0.4190969223541412]
[0.4223975162020717, 0.4114978996301346]
[0.4659854057555912, 0.4756043258061084]
[0.4384579344771626]
[0.41758196723757435, 0.41707182058480957, 0.42267423041760155]
[0.42194138821352967, 0.4173377892937062, 0.4230955266816663, 0.42649982231512784, 0.42132368323506575]
[0.446677245097503, 0.45797070848894267]
[0.4729544323249387, 0.4642096488357941]
[0.5251975313801919]
[0.36935839068923904, 0.36454100919532184, 0.33378700367156167, 0.3329462202762953, 0.34276390602490164]
[0.3381928483517878, 0.33862408017054757]
[0.33740334629913465, 0.33616084367671933, 0.34574673458291755]
[0.3324556184553358, 0.32593957534270096, 0.3337281981417474]
[0.3382818037678705, 0.3387095450277672, 0.32871412523488086, 0.3410331113901605]
[0.3391285546894387, 0.32790227822911217, 0.3497324964479024]
[0.36723450668962515, 0.3371821997945829, 0.3359212379606786]
[0.33817525697507195, 0.3298798937455456, 0.3412465760408672]
[0.34087943739477883, 0.3407288278350974]
[0.33660381430066444, 0.3517948091498991]
[0.33507033904297545, 0.33877798542691273]
[0.34096187032484243, 0.3309937711292763, 0.340046438633843]
[0.359553808841285, 0.3480336817846651, 0.35904434920664335]
[0.3436218551117861, 0.3272731201807789, 0.339513568644684, 0.35103095314498106]
[0.3444776916951792, 0.3391181878628773]
[0.3452679388694316, 0.3310497155584826, 0.3449056345011095]
[0.335105558338616, 0.3496293190662826]
[0.3631999979069694, 0.33305518657210953, 0.3259087125128019, 0.3355822046062408]
[0.364751607921791, 0.3496548694606871, 0.3431275396486274, 0.3381741295213749, 0.33039036256857873, 0.32625369248017716, 0.32738342532563813]
[0.35815824140713537, 0.3361438571991457, 0.3362988094914475]