
[]
[0.51880853179409, 0.520067693337051, 0.5219031306510783]
[0.4831784031255415, 0.4855756587577638, 0.48386918044140104, 0.48624398667244667]
[0.5124203565609338, 0.5119615901428678, 0.5147294356878792]
[0.4579493249974309, 0.45669215180858685, 0.47246958743242434]
[0.4896928167375985, 0.4902576643677903]
[]
[0.47541898815508604, 0.47835372153247413]
[0.467162442323482, 0.4588677707667069]
[0.5173576732281594]
[0.46572011852344225, 0.46756476577572564, 0.4591357012460976]
[0.550475625186596, 0.5539433582063039, 0.5514379943229897]
[]