
[0.17485663163310455, 0.1764914834322758, 0.17652288595742383, 0.17585900268176974, 0.17692260798954676]
[0.1776846748260922, 0.176746234171392, 0.17636292957845828, 0.17631549029396623, 0.17621536015475123]
[0.18051612072320478, 0.1808789915490278, 0.17911093305297976, 0.1790235046056472, 0.17928438982516176]
[0.15762167293557147, 0.15852067537336237, 0.1569672482226027, 0.1581107416103665, 0.15816643956783732]
[0.1905243406692501, 0.18707545878723147, 0.18660439006439944, 0.18683255546895172, 0.18635410485414922]
[0.17966060058523273, 0.180919548887027, 0.17985501933989806, 0.1788827599703821, 0.1795471416448812]
[0.1771500052497917, 0.17382689973840607, 0.16495079151062808, 0.16600473668044388, 0.16591970253566213]
[0.15756477270402358, 0.15904790583035733, 0.15821073289403675, 0.1583160388982323, 0.1573762093015091]
[0.1853775973554577, 0.18860943242432698, 0.18760739431218826, 0.18740198067768327, 0.18768785875789862]
[0.16661025568674392, 0.1671344945817221, 0.16775745473939588, 0.16664630368530706, 0.16648488081997476]
[0.16866890750289992, 0.1678211530944069, 0.16959752811913584, 0.1691565449994565, 0.16871577469389004]
[0.1987617715316024, 0.19644775481641996, 0.19649235087975458, 0.19690011235015553, 0.1971933824452416]
[0.18287126580164292, 0.1787942473378437, 0.1787433457070837, 0.1798046152159691, 0.17858925837957662]
[0.15521489766895105, 0.1554622884858017, 0.1560054455943251, 0.15546466495749045, 0.15497204813734033]
[0.1606307419704956, 0.1621759323068804, 0.16142485076836452, 0.16276973789136612, 0.1618220990953709]
[0.18139379335863015, 0.18254803927030497, 0.18265299926410114, 0.1834267231856856, 0.1795560790299866]
[0.1709280542283746, 0.16979378433435102, 0.16986370383294208, 0.17066382875449218, 0.17053605012070405]
[0.17082401997616825, 0.1730164831859354, 0.1706424834120067, 0.1717090395347242, 0.17136969332169505]
[0.1678845771131418, 0.16757842972458759, 0.16831802002636442, 0.16636176839949035, 0.1669393043879067]
[0.18669457979600812, 0.186367750740283, 0.18514807275665643, 0.18542885029846942, 0.18591026995893203]
[0.1658317296059002, 0.16896539154247908, 0.1680662615591571, 0.16891550489988008, 0.16890963850801435]
[0.17482839777631184, 0.17654772104714897, 0.1772092732314255, 0.17711691934306445, 0.17642362110057844]
[0.17192528247818764, 0.17126882495366272, 0.1732098533382501, 0.17261637253993378, 0.17265218795223558]
[0.1834208143024752, 0.18219793988363472, 0.18116774382798825, 0.18219447633903962, 0.1817551167514101]
[0.1758568118952478, 0.1576893723618653, 0.156755262758137, 0.1574931813963752, 0.1572099909634049]
[0.17087052587175525, 0.17034821498240368, 0.1699598398656357, 0.16923052109280204, 0.17023615564167138]
[0.19375957819973302, 0.1936308265671566, 0.19356553639536145, 0.19419930457760182, 0.19457894353667154]
[0.1569157385137958, 0.15901779970079236, 0.15782034187336902, 0.158244301874933, 0.1581702683604185]
[0.1862722872426631, 0.18501070924518398, 0.18513370603459114, 0.1855403068100344, 0.1856335055478301]
[0.17782549960392402, 0.17910061632477503, 0.17764388356156655, 0.17869308215872984, 0.17787564853656038]
[0.15033904723131478, 0.15097344875019258, 0.1505488223205869, 0.15057136567607546, 0.15125802222164275]
[0.1898176046084181, 0.1886502751983337, 0.1889304953434934, 0.18900383362866902, 0.18908352055416477]
[0.16865037974764327, 0.1698494716739301, 0.16938741029991505, 0.16990935892456643, 0.1704286591580431]
[0.17123397098306567, 0.17131640332605327, 0.16924569583608487, 0.1693716581720386, 0.17029143047934264]
[0.15705614290532027, 0.15682923122433953, 0.15806673909794872, 0.15697875705715078, 0.15856478446577005]
[0.1667733940046363, 0.1690225632187174, 0.16798476482837674, 0.16801555417462818, 0.1684331357607765]
[0.17812146940111173, 0.18009515839849782, 0.17773959983996837, 0.17729674414462138, 0.17772393670906364]
[0.1681473748389217, 0.16769989222352769, 0.16556801208362895, 0.16593718021668666, 0.1668582013280439]
[0.17209933178590342, 0.17345501132064206, 0.1732665689547822, 0.17341917516061103, 0.17302225446715622]
[0.17035855618783105, 0.17360757584161393, 0.17420363218887597, 0.17372194451499998, 0.17372699691020727]
[0.17546175067542402, 0.17632577406962938, 0.17198029763820438, 0.1709207213801865, 0.1712674111267539]
[0.179014816447976, 0.17824432676176602, 0.1786312986052265, 0.1800165975726978, 0.17906609665689854]
[0.17446203866719895, 0.17111972503945344, 0.17257720307987445, 0.17207947990835634, 0.17297072894802]
[0.1696932542720275, 0.16832767650755356, 0.17176164707061156, 0.17001928324729965, 0.17023480405419789]
[0.17446147712355686, 0.17403972194770145, 0.17322305286103382, 0.17314443079781258, 0.17315419144496885]
[0.1640655749778081, 0.16268810878251513, 0.1622979599701376, 0.16209340943501566, 0.1628352522659633]
[0.17584792989154044, 0.17710078624402764, 0.17538827441637023, 0.1759383152489906, 0.17596030514087355]
[0.149406957363248, 0.14755586270508947, 0.1485604740103127, 0.1474524391548573, 0.14834055599387455]