
[0.31143495830199064, 0.31186536815827737, 0.311536741716127, 0.31124901657639803, 0.31217413731850435]
[0.28051091735825606, 0.28313077298307565, 0.283098286560445, 0.2822095250961338, 0.28328807097104153]
[0.2963475619384805, 0.29812917164888886, 0.2994938866542512, 0.2998168427518975, 0.29850561103175416]
[0.30948133382345033, 0.30914512781353926, 0.3098307665012477, 0.3094492164465335, 0.3095292631591495]
[0.28955113973947144, 0.2901875587124557, 0.29137997125096243, 0.29081058750613115, 0.2899964500132334]
[0.31472888144076044, 0.3136778155351338, 0.3138876407728615, 0.3130739566984135, 0.3137705197746407]
[0.29828654566962454, 0.29677443286953004, 0.2984511157584899, 0.29872739863059894, 0.29923033636322127]
[0.30944006006100594, 0.3099785917879263, 0.30725280960194457, 0.3094161770510381, 0.3086875064119772]
[0.29730057376043245, 0.2984116597234308, 0.2983941760951804, 0.2978715085083931, 0.2977239306178148]
[0.32146414228847503, 0.32225372943223624, 0.3207677172279642, 0.32266509807341015, 0.32162150747689394]
[0.30512257990238045, 0.30314344935017523, 0.30269647832147345, 0.30339805801046166, 0.3029708881511398]
[0.28843819603812504, 0.2905786131327815, 0.2833775681898329, 0.28422297437963595, 0.28405962682306835]
[0.29576154362433826, 0.295429405972217, 0.2941967240845415, 0.29415082147568, 0.29448760374068544]
[0.3062527170873843, 0.3097377438551908, 0.3094958023886848, 0.3084133445638517, 0.30812322107545603]
[0.2935819031616221, 0.29346021057228994, 0.2947956696739305, 0.29379409967895515, 0.29422266010190196]
[0.2913312635299214, 0.292172210116113, 0.2914974290383388, 0.2918457083307867, 0.2910660023734037]
[0.301318540966982, 0.30668763777392344, 0.30723022498834557, 0.30570952146150127, 0.3072626967309384]
[0.287967165902895, 0.28702942143485716, 0.28664669469284765, 0.28727135602044473, 0.2864864658998353]
[0.31402751556667646, 0.31325643490612415, 0.31480505678055726, 0.314325522473325, 0.31467480992990127]
[0.2972744219254786, 0.295555995841531, 0.29676010955742244, 0.29642390952786857, 0.2961317436776255]
[0.28841525840631327, 0.28746690069254405, 0.2868876723485879, 0.28889465432827494, 0.2885638670338203]
[0.301852319436382, 0.3017083787449953, 0.30015808102794744, 0.30089950824019834, 0.3007167409727949]
[0.3204442923448596, 0.3194619359330607, 0.2890478440684337, 0.2892751463698277, 0.28949852602319365]
[0.3015665543017805, 0.30119520567331964, 0.30087845750060116, 0.30033173424593146, 0.3008649329936953]
[0.2906160598193517, 0.28668117732143295, 0.28803185625298716, 0.28735357270317013, 0.2868771422071679]
[0.3265099434797894, 0.3267003286088849, 0.32788974665586523, 0.3272933476351242, 0.32744210188434975]
[0.28904279045171893, 0.28653834238784703, 0.28663770833142826, 0.28791246366401146, 0.28761431700193596]
[0.27766924763458745, 0.27888471607361337, 0.27912509083238485, 0.2790698227106051, 0.2787391239046788]
[0.3417282489943438, 0.3441927112204266, 0.3434598331907937, 0.34364933719481183, 0.34483355434213164]
[0.31456016352343663, 0.316631375620612, 0.31558993606883334, 0.3155577031035345, 0.31458514279973343]
[0.32093638707455346, 0.3185144573882996, 0.31838399118574956, 0.3168050866466726, 0.3177993726516838]
[0.3145669576398021, 0.29465607600186794, 0.2942917242833332, 0.293433383308317, 0.2930801652002024]
[0.3043512064874812, 0.3030550330937195, 0.30074406035848056, 0.3019977919871387, 0.30115957909128127]
[0.29594876049810476, 0.29415348047159956, 0.293448785162277, 0.29396797357924676, 0.2941776620962029]
[0.29159275208696384, 0.28799609684026767, 0.2899509777852283, 0.2885555504827999, 0.2888048731016478]
[0.29877230957608975, 0.2976015355453095, 0.29852257136647065, 0.2990639805829831, 0.2985980958076117]
[0.28572011885205956, 0.2809597174419085, 0.28406727013222677, 0.2828122217346936, 0.28279911315938583]
[0.3045055335902494, 0.30601136940916557, 0.30589820980786886, 0.3049184778660597, 0.3047877419659016]
[0.30081326170353706, 0.30229086150485296, 0.3032628835208025, 0.30027140912507516, 0.30237898237834054]
[0.33156271723796793, 0.3322948056312385, 0.33226335738820795, 0.33118606188819405, 0.3315187571882438]
[0.29079996727081503, 0.2924350820874213, 0.2915469389739014, 0.2918420813212157, 0.29151209947399487]
[0.3202137092550767, 0.31981008731155564, 0.3203925419808564, 0.3202638378562902, 0.32062042537080754]
[0.33318665195152775, 0.33112695696394795, 0.3334460322524465, 0.33269199636050917, 0.33272266991549254]
[0.3131778901134408, 0.31543300865806917, 0.312455871139627, 0.3138346473981282, 0.3142205989536174]
[0.2847332662161656, 0.28280582803640414, 0.2824489915866537, 0.28140162239089117, 0.280998192449368]