
[0.20877043407295384, 0.20833005830945478, 0.20867819650372665, 0.2080273757433038, 0.20836089284018386]
[0.21682719542021936, 0.21655244246851366, 0.21570163787455518, 0.21644799430057596, 0.21555655929103354]
[0.19891260349157852, 0.19998934900568532, 0.19958801433227377, 0.20005187965931404, 0.1998144325229906]
[0.2039206992601315, 0.20422639390475156, 0.20178529177776916, 0.20154427109834266, 0.20167202665443046]
[0.2034964127966845, 0.20275254889936473, 0.20539569825915027, 0.2046382507356473, 0.20578862122476185]
[0.1999817724295434, 0.1966607387604504, 0.1988170941412251, 0.19865136994371688, 0.19948457366740646]
[0.20736871945366422, 0.2054825873705329, 0.2041019461346082, 0.20541506006971658, 0.20446989499852222]
[0.20359699211969706, 0.2045345813591843, 0.2050110519343788, 0.20422769705887456, 0.20348877840413973]
[0.23281844790980524, 0.2313649514657796, 0.23103303566915273, 0.23273376604205698, 0.2326305240852238]
[0.205684222608116, 0.2014745596906458, 0.20138096908958672, 0.19416487670591465, 0.19324694970048423]
[0.21892295992770897, 0.21932743131279156, 0.2187673875943511, 0.21802808226558862, 0.21936503418653613]
[0.20595464094103536, 0.206505557097713, 0.20902943536359733, 0.20785542165946344, 0.2080922526976139]
[0.20944540830086772, 0.2083580594806003, 0.21000427828545537, 0.20890206046076248, 0.2092666927499859]
[0.2043367560735551, 0.20249640282943168, 0.20538986213098093, 0.20424238081819504, 0.20410781460193486]
[0.1947850710704852, 0.19389977014421012, 0.19797495824599953, 0.1966021342397201, 0.19675367290788634]
[0.18157745296713387, 0.18023731325200368, 0.18197655452816394, 0.1804003250050229, 0.1805304186405671]
[0.20822961516257266, 0.19753294834376967, 0.19709818094779288, 0.19685143393803117, 0.19708711372193957]
[0.18507127122369654, 0.18716268242553408, 0.18570753683441538, 0.18588838790998605, 0.18544341990098756]
[0.22383281567496208, 0.22509484656968465, 0.2278001541691396, 0.2259820450649157, 0.22791351672352514]
[0.22847667385798948, 0.22388463884738163, 0.22430531022171596, 0.2238219846739632, 0.22398565375797466]
[0.176914766472673, 0.17786428693289125, 0.17723057134909984, 0.17609646113154107, 0.1766731465740779]
[0.21197977067477677, 0.2134345004632456, 0.2130470343598928, 0.21394243735766885, 0.21403603353084108]
[0.2186793551602146, 0.21866532261768984, 0.21928726048381486, 0.21818487061316952, 0.21880931672322151]
[0.20208210955818742, 0.203090807808584, 0.2027817539732994, 0.19556614796889765, 0.1961502868115559]
[0.20335739552113694, 0.19792345962392738, 0.19935220689013522, 0.19904128249777875, 0.19873207500361859]
[0.1909731870214256, 0.18093519066907682, 0.1803500094990044, 0.1818934309652686, 0.18069563082853524]
[0.21312636301377658, 0.21214302767068077, 0.19661020323385417, 0.19548480941056992, 0.1971003761729406]
[0.22614882869853464, 0.2267111060141333, 0.22547490494817998, 0.22539477350043524, 0.2249194436945096]
[0.21235352962896348, 0.21215455858248827, 0.21319547873409234, 0.21456291599605742, 0.21396615324573381]
[0.20438207362540337, 0.20612547554076624, 0.20426488659039038, 0.2052638710907687, 0.20547621194020724]
[0.21480204823179974, 0.21216324628055383, 0.21451512187363048, 0.21483797866133855, 0.21396876350627617]
[0.20540414832466858, 0.2086305489368546, 0.20780474449938519, 0.20807539547488643, 0.20768936421524872]
[0.2001965805638927, 0.20303826720045223, 0.20333323646525736, 0.2013676942862289, 0.2012547919117954]
[0.20443368993608185, 0.20606652968008807, 0.20527505226292933, 0.20609564119110776, 0.20531744598446822]
[0.20839106419667996, 0.20715673140624105, 0.20845698622152228, 0.20728302866352083, 0.20717816712204332]
[0.18524308422793326, 0.18722603741378138, 0.18769159276845107, 0.18701032104665757, 0.18770093648995215]
[0.2014025085285037, 0.2030708209624299, 0.2033467177681812, 0.20247223071530243, 0.2033530904128088]
[0.20136013791337676, 0.20283513615538845, 0.20219646473599384, 0.20289914362925968, 0.2024343424855517]
[0.1888067401679534, 0.1797487485343957, 0.17785204671493482, 0.17923436947159943, 0.17822302991726607]
[0.19012435997006263, 0.19162232373642177, 0.19139773339270102, 0.19233248073298467, 0.19169860731860178]
[0.20365848590189786, 0.20949977069406236, 0.2064654044488045, 0.2065971702361791, 0.1859121342586954]
[0.1875074598880693, 0.187612916364302, 0.18749374513661957, 0.18756233697164398, 0.18692158196245903]
[0.1899043189550934, 0.1896485225988942, 0.18919485464383082, 0.19013639649136385, 0.1890289403070402]
[0.21493046342177208, 0.19926866502665216, 0.19790151844158077, 0.19795876745963034, 0.19853056161031238]
[0.19395144696015962, 0.1957006100593305, 0.19339369251681407, 0.19430104418739597, 0.1936109906823455]
[0.17673153409488815, 0.17466893327220248, 0.17648654776687805, 0.1765591618084951, 0.17547966262572107]
[0.18571121534803525, 0.18571138139629384, 0.18648943775188775, 0.18602935574040763, 0.18686402275990777]
[0.20222087371676647, 0.20522797376891852, 0.20336774926271756, 0.20407136534804332, 0.203943112811286]