
[0.1651028219738674, 0.16439101896035088, 0.1650515982727907, 0.16507996764269717, 0.16470693166308645]
[0.163376586501813, 0.16403581019224925, 0.16475617802082781, 0.1646249176597079, 0.16426379696501128]
[0.139238668849525, 0.13906477592792105, 0.1395053898415716, 0.1398910005523123, 0.13945688053459665]
[0.16202604597897013, 0.16222044361504587, 0.16211880894202912, 0.1604341441910868, 0.1611719496602566]
[0.15051333711541193, 0.149562202435292, 0.15049908588087532, 0.15063474226146412, 0.15065683658135215]
[0.16626200598271612, 0.16614061027782712, 0.16501407768116186, 0.1649683412362091, 0.1656613249611314]
[0.14684769117421925, 0.14652001717913943, 0.14679773513508987, 0.14708791970124868, 0.1471016485351094]
[0.14665418393860807, 0.1470603451018082, 0.1478528091081087, 0.14749497090463506, 0.14714878301494552]
[0.1498993816888875, 0.1495746257983442, 0.15057102184676519, 0.14986137444917194, 0.14966862000150633]
[0.13526591186189238, 0.1371020471992533, 0.13621654601817676, 0.13591125419231517, 0.13606366803828807]
[0.17237785678238965, 0.17162625066954612, 0.17127625222456255, 0.16885213805780064, 0.1683116044115978]
[0.14040098685560187, 0.13735897444005524, 0.13924283368852863, 0.13842686278485933, 0.13862373835200767]
[0.1573544362744742, 0.15687369500679146, 0.1559460871121475, 0.15627466300913642, 0.15606041203012]
[0.14372997299162726, 0.14424890572316634, 0.14402910369035526, 0.1438186583348057, 0.143933332138153]
[0.1522480073673528, 0.1535859577937277, 0.1553399235932317, 0.15434090145022236, 0.15466467480733487]
[0.1419077150138928, 0.14016888516967538, 0.14116389647976402, 0.1410107104919928, 0.1414801102178895]
[0.1407892417047595, 0.14137938296530822, 0.1407988592235796, 0.14005389407865082, 0.14037159245361064]
[0.13467783640673428, 0.13415836666585673, 0.13592849312660416, 0.13540017961324732, 0.13553909079340226]
[0.13692660073426965, 0.13687811878972067, 0.13554374721226464, 0.13626861944055652, 0.13544058460731748]
[0.15193975661485187, 0.15154416537516693, 0.15229597840079095, 0.15211273172464534, 0.15184840706195396]
[0.15869454117691859, 0.1605802879415662, 0.1595383853838272, 0.15987220137921873, 0.15857609323191518]
[0.1495104575269529, 0.15098581555763985, 0.14974202654210914, 0.150299957540354, 0.15048792922957258]
[0.14690930947055442, 0.14814099813725592, 0.14681490688165885, 0.14689502686509845, 0.14709840263704957]
[0.14835600440776878, 0.14638248855670996, 0.14710745812843237, 0.1457791409437198, 0.14623115512079896]
[0.14115029460743286, 0.14230974991359222, 0.14214259737901266, 0.14280043621386662, 0.14325571130180967]
[0.14484231029806885, 0.14769346952943482, 0.14709636939172016, 0.14648643456542673, 0.14688393006260791]
[0.1537251880212543, 0.15462707304306134, 0.15285320599191626, 0.1525603371386038, 0.15233102010644897]
[0.14585647533912, 0.1463029369232097, 0.14892369220533144, 0.1479078109743908, 0.1471711570136428]
[0.15075422593633597, 0.1517321139894405, 0.15414158531208155, 0.15264099228631878, 0.15359527087062294]
[0.1546879434107606, 0.15476979445816863, 0.1538263110920058, 0.15442325262353263, 0.15443898108858717]
[0.14735861711678172, 0.14790756630021157, 0.14910739927089514, 0.14845931854429686, 0.14870403215494873]
[0.14452886488255623, 0.14406855007052172, 0.14371305501331696, 0.14424902556878777, 0.14432718873148642]
[0.1749654338956544, 0.15942219087132994, 0.15971287863690253, 0.16185996238346848, 0.16087129196693636]
[0.15319677657773986, 0.15446763515888864, 0.15236810370226866, 0.1533925314795713, 0.15365717053274214]
[0.1553993072375509, 0.1555731088282502, 0.15461210304465262, 0.15535038841253987, 0.15545344267669667]
[0.13021846073994534, 0.13148479600269447, 0.13163409458275277, 0.13084545763388034, 0.13196660575438476]
[0.14686401376890365, 0.14783128176703045, 0.14653052471058564, 0.14694654764329396, 0.14756672374925228]
[0.1380649471013652, 0.13888642165727327, 0.13881754798716456, 0.13946017655861104, 0.13936636278060885]
[0.13993068755829022, 0.13788638196289346, 0.13831293539504563, 0.13836966536811351, 0.13818126975319447]
[0.1472245033685696, 0.1443552455798574, 0.14482019440394606, 0.14550712185618384, 0.1455542511559123]
[0.15521222661404288, 0.15522293843673896, 0.15659877650319085, 0.1565987831857826, 0.1559876535268193]
[0.17239088760531893, 0.136531639533888, 0.1381015814620702, 0.1382181904384365, 0.13304682178442667]
[0.14516885099049426, 0.14351111588795676, 0.14558241461458823, 0.14549334740198766, 0.14469099077561748]
[0.16038103783124302, 0.16325068525522388, 0.16307374683913364, 0.16278681102794035, 0.15972396923035379]
[0.1628720803904162, 0.164099591695661, 0.16483765112831725, 0.16489666018284996, 0.16452949768112085]