
[0.30593950433077594, 0.30891118252678296, 0.30819781481671193, 0.3089088712801257, 0.30744815131184683]
[0.3149520203999902, 0.3144943541230203, 0.3153593038031158, 0.31545504557636456, 0.31502342620343]
[0.3331649826948528, 0.3329176884841412, 0.33325368497081426, 0.33198869923289775, 0.3341307878686853]
[0.30796662445029116, 0.30409487507321725, 0.3033551210592244, 0.3057566644664539, 0.30354070691982027]
[0.2796921423689659, 0.28331099296433826, 0.28234512603844736, 0.2821754419057366, 0.2811786324096904]
[0.2906424391432683, 0.2880472553171928, 0.28604618666034826, 0.28599892020322504, 0.2863478333081172]
[0.308336798339195, 0.3072613449356334, 0.3064545766160033, 0.3089441950680762, 0.30903261022252865]
[0.29614014989432963, 0.2968509987687026, 0.2957787113396432, 0.2954215379225381, 0.29591299046405384]
[0.3148724074494536, 0.31622022203404254, 0.31622829728164603, 0.3162723009497702, 0.3162831730810108]
[0.3354482999929368, 0.3271489387836501, 0.32852647915307887, 0.3283284235538289, 0.32833934968571815]
[0.298185893393133, 0.2780352779267271, 0.2785804459697137, 0.27843279985845726, 0.2789131685001579]
[0.34434707966995154, 0.3416542199580935, 0.3444894168461659, 0.3434953058165926, 0.33629555146958445]
[0.31208919753924036, 0.3136307209361474, 0.31506065377242487, 0.3120919902499042, 0.298160058770951]
[0.3059818755596179, 0.30706883244236066, 0.30709736989191, 0.30775130984702714, 0.3071774117553623]
[0.277992084033664, 0.2741493858671909, 0.27508783885484794, 0.27696903312629334, 0.2762056759550333]
[0.3197660719013492, 0.3166178161156377, 0.3179947896905596, 0.3193569191475192, 0.31879257718472875]
[0.3118174960752143, 0.309170608698134, 0.31032198908453806, 0.3111301418287101, 0.3112754218484634]
[0.29487268291980817, 0.29597482801350034, 0.2955062552321652, 0.2953935080509662, 0.2944183669339347]
[0.2924744487524596, 0.2903166615177433, 0.29120189161849414, 0.2902864647239091, 0.2915861246544109]
[0.3251078974920378, 0.32644874750508457, 0.3265989744202301, 0.3242564346778605, 0.3243562047656186]
[0.3314422725106413, 0.33324098809265984, 0.3320167911392491, 0.33262360348530023, 0.3328213009756106]
[0.32125387666747246, 0.322827249032771, 0.32299855900642116, 0.32223993591566025, 0.32238876523245846]
[0.30981660909704606, 0.3084767904363878, 0.30658919694607917, 0.27693062422500353, 0.2774347251492011]
[0.2988064368692773, 0.29506289752156645, 0.29702290306702456, 0.29736703643664103, 0.2983124377273699]
[0.3270522384162233, 0.32942599029799563, 0.32731095261299614, 0.32981334946625374, 0.3008862803233128]
[0.3228126248299761, 0.32314960294140865, 0.3233041556964876, 0.32321099437301853, 0.3012675694584528]
[0.32140927070662106, 0.3242329367965173, 0.32264213894622246, 0.32393996163340566, 0.3241448051451478]
[0.31148667060845286, 0.3122287840358621, 0.30822742593393304, 0.30888669752980014, 0.3097607671373997]
[0.32370616790955553, 0.3220577387572109, 0.32266055728546883, 0.322749105756126, 0.32266860084681]
[0.3065770673531888, 0.3009394177392455, 0.30308906595254564, 0.30062597200214375, 0.3011352878914144]
[0.29251936099481896, 0.2924531272919115, 0.2777054745102217, 0.27867574070076945, 0.27847287557100703]
[0.3012424018187437, 0.3048264642415041, 0.3037158668893389, 0.30418231936526946, 0.30349542664507007]
[0.30882180196144043, 0.3048247957399615, 0.2986341766359915, 0.29947795299556507, 0.298998834740608]
[0.3368065016597471, 0.3357769255511223, 0.3361644395140087, 0.3177112613931741, 0.31736149162968164]
[0.29702500209738936, 0.29551748576259235, 0.2954931828161079, 0.29681009188466784, 0.2953576770983344]
[0.2725084280581895, 0.271243812606448, 0.27213652411547645, 0.2721272849487781, 0.2715777405955233]
[0.284675920831709, 0.28514910709444125, 0.2847827013888521, 0.28329717023476103, 0.2859515679570369]
[0.3333245970289646, 0.3351349097218281, 0.3221314234393109, 0.32040993969454035, 0.3199185107649237]
[0.3018625624878906, 0.3009962573812408, 0.30017254062292575, 0.3017859784559569, 0.30147448598944965]
[0.3197518997553811, 0.31885628303922453, 0.31304646177623346, 0.31255167263544725, 0.3130918656914803]
[0.3180822413051516, 0.3201152589005583, 0.2977744882878563, 0.29849362891347714, 0.298664712310238]
[0.32130537122800884, 0.324098090593764, 0.32303748152199224, 0.32350359796238515, 0.3230642249097527]
[0.28851812985814734, 0.2873908413757034, 0.2871375047986287, 0.28761290437679043, 0.28809970206921737]
[0.2926617056744071, 0.29121438246604053, 0.2924234815587613, 0.2916774840718508, 0.29238265150399767]
[0.2990394810577005, 0.301338271796038, 0.30342583506096754, 0.30257747649824723, 0.3025118364170546]
[0.2886971345552394, 0.28751872719348165, 0.2868633760160783, 0.28709161536534744, 0.28675364825872796]
[0.288810567446746, 0.2891795837680623, 0.29246721904433903, 0.291291457128833, 0.2906366503332289]
[0.3110602025913608, 0.3091001680611923, 0.3095477340366624, 0.3116136543712832, 0.30905047294894467]