
[0.2705086355005659, 0.26913834358867705, 0.26863874941097077, 0.26850356073227305, 0.26852087923107226]
[0.26542518085676503, 0.2640461309754898, 0.264759127404456, 0.26423509672801854, 0.2653968121015058]
[0.2700237640695446, 0.26712776849598624, 0.26862227153110185, 0.2682562518606697, 0.26903268296063626]
[0.28143930998131045, 0.2811658112453502, 0.28100043342103903, 0.2798080324025115, 0.2805353140948198]
[0.2770668753721221, 0.27837189524032174, 0.2781245630028088, 0.2789344195236797, 0.244478247728342]
[0.24264815680192153, 0.24223166184271247, 0.2414755389821313, 0.2426112934647701, 0.24240530212397676]
[0.2820710503187459, 0.279446524741185, 0.28200589353023126, 0.2828203029573815, 0.2814870095881967]
[0.2939535020085887, 0.29449202739168867, 0.2931505945997005, 0.2935128959323524, 0.29347071512493533]
[0.251561682539344, 0.25411089115399027, 0.2534983358315184, 0.25324785296924474, 0.25308202658504814]
[0.25487977632583847, 0.2565751918219667, 0.25612446381999426, 0.25540754771795315, 0.2560996045611511]
[0.2535947500870045, 0.25581830848150733, 0.25652807998909344, 0.2557257402125206, 0.2560404487749758]
[0.2614351200549747, 0.26030194143041285, 0.24515299514739106, 0.24486836433694112, 0.24532666030974828]
[0.2578068207626128, 0.25989536933997076, 0.2615720323463871, 0.2600134914628613, 0.2600356951089209]
[0.26327422834336567, 0.2566273094228996, 0.25674942628093117, 0.25676102616332874, 0.25724277216899927]
[0.2514428759992172, 0.25482240389773775, 0.2551556774558169, 0.2544540893771909, 0.2547147220337051]
[0.2502784264593147, 0.24758254657388412, 0.24739747796139477, 0.24786923254764998, 0.2483912731623672]
[0.25011655290495655, 0.250775589445904, 0.24848942034636767, 0.24857374963673665, 0.2497928989178899]
[0.2547895960700541, 0.24819592257612047, 0.24728624094193782, 0.24671638495200002, 0.24682142505340562]
[0.2620069923090879, 0.22979203739375567, 0.2297829327129063, 0.23014914450635007, 0.22952442101829829]
[0.2483747561398274, 0.24704044453978188, 0.2470550311095012, 0.2477195774013455, 0.24753026363950634]
[0.27460618748425225, 0.2738526575685691, 0.2740014687242536, 0.27370840404550817, 0.27363172433500604]
[0.2664651309421634, 0.2652174749535718, 0.2653992629074087, 0.26456714265653986, 0.26505296028685865]
[0.25425338106516865, 0.2572302756578492, 0.2563040673711715, 0.2564681920955799, 0.25676470461258594]
[0.2640530794002467, 0.2665505899731078, 0.2646621019418351, 0.26496058567427555, 0.2646808977597807]
[0.24837436614422656, 0.25037119071242814, 0.250126463087259, 0.2491519020545328, 0.25062467240775527]
[0.270464021681331, 0.2678843851673021, 0.2688936762065819, 0.2701253654757635, 0.27032895956064107]
[0.24791481437323307, 0.2474030591973855, 0.24834858573278681, 0.24862830005868233, 0.24837842064513005]
[0.2645109547884018, 0.26694189553807, 0.26466240201161867, 0.2442802914287202, 0.24412601283782148]
[0.2998910233902914, 0.3050985537361141, 0.30428665152425344, 0.3027424851931818, 0.30296727688904135]
[0.28862089692400933, 0.28863783787679914, 0.2892756083152802, 0.2819158099887691, 0.28172455105719046]
[0.2811755298161986, 0.2796039273244504, 0.27952028978366505, 0.27919926176015625, 0.27842753962990435]
[0.2664677009014065, 0.26765251412552377, 0.2676730517081363, 0.26740263343670795, 0.2671309455271187]
[0.27461838361110646, 0.273732483786547, 0.27594271651338625, 0.27514338942603495, 0.2754906334946876]
[0.2526278367678343, 0.2537951415526999, 0.2540010329375609, 0.2548957491411114, 0.2545163552920493]
[0.2540586712921028, 0.25504241186192644, 0.2549572571036773, 0.25491253637695077, 0.2549821615381512]