
[0.4142499986730359, 0.4083039081171111, 0.41129965246823685, 0.3861954174372429, 0.3859868710076751]
[0.37361385340874737, 0.372768579886446, 0.3435591599421865, 0.34474606573194755, 0.3449770672472707]
[0.351940455029725, 0.35019976355931154, 0.34654548247034445, 0.34745764722988176, 0.3485005683899341]
[0.4140528231879123, 0.4107530873215857, 0.4115134624666841, 0.37254877693165245, 0.37173378430958004]
[0.4407856671951604, 0.3671315789642167, 0.36869285856911915, 0.3666163325046829, 0.3671077731255114]
[0.36379647882613614, 0.3637706762801222, 0.36038427998792294, 0.360849930991848, 0.3618329748221078]
[0.3398734982361952, 0.341972319871353, 0.3404700975466917, 0.3391710525589936, 0.33180820970067515]
[0.369234017697159, 0.367807041917083, 0.3695636074888123, 0.36992738858787594, 0.3697682184459827]
[0.3228031704049673, 0.3245576305847732, 0.3270151681647531, 0.32810321051291125, 0.32585504527705267]
[0.3462439045382685, 0.3502105356370608, 0.3354387824782102, 0.33345424592859313, 0.334616198830626]
[0.3791793201943094, 0.3818841513785089, 0.382224968417522, 0.3824346982652937, 0.3827743171703133]
[0.3656990114265558, 0.3699005026775625, 0.36747603213626734, 0.3672409672625014, 0.3673919083880159]
[0.37966672158590326, 0.37535743721393156, 0.375303660032929, 0.3772617075650244, 0.3758551812260703]
[0.37105045660870817, 0.36014354620597544, 0.36094934010378055, 0.36044370016792926, 0.36050415947028763]
[0.3460124057782513, 0.3479383913254692, 0.34531243941897555, 0.3462617848840277, 0.3457716504917533]
[0.38672146437984734, 0.36609246749219243, 0.36714348583698303, 0.3660488224050044, 0.36599115829135137]
[0.41016767276224353, 0.4077498506215924, 0.3980055957762497, 0.3990756802787102, 0.3972786638039906]
[0.330358548459192, 0.33338638106570523, 0.33252365139611206, 0.3311502164162671, 0.33199164317501617]
[0.3605859113204852, 0.3641512943161846, 0.36227521439639626, 0.3646385797889207, 0.36477991271289045]
[0.37699049796503875, 0.3786093688492054, 0.38000293561206494, 0.37813653123757607, 0.3783221716776087]
[0.3893814895813223, 0.3861120716902389, 0.3586203085531561, 0.3574148003978351, 0.35754495975416023]
[0.37839762087866013, 0.3794403234113347, 0.3798150259264779, 0.37831224477852177, 0.3787429502370035]
[0.32524218603269284, 0.3291611901295466, 0.32780669375077437, 0.3268754382617856, 0.327647767058472]
[0.3749643170189066, 0.37622049801504587, 0.3768484092116296, 0.37776434789943564, 0.3776885934953907]
[0.3645931371733027, 0.3650259827163235, 0.36567364566210186, 0.35682672596833953, 0.3573748887439438]
[0.3641216439560926, 0.36186722966499385, 0.36205541991916596, 0.36069746855508017, 0.3622269509377434]
[0.36002937313007427, 0.36137553620663865, 0.36011768158425495, 0.3621043103212695, 0.3471237100686456]
[0.3339423101383305, 0.3332110164292533, 0.3330729480338257, 0.33229597753315077, 0.3320242700099425]
[0.34157271446876203, 0.34380494963957164, 0.34365150461389726, 0.34225406132992836, 0.34285429387298455]
[0.3516074882658665, 0.35080236829895034, 0.34726942763155394, 0.34540027008863394, 0.34606375374237974]
[0.36577032309315216, 0.3661730398342311, 0.3630880012625789, 0.3485037780129412, 0.3492884271720646]
[0.36784337288784813, 0.36730402493183517, 0.36569652117976553, 0.3650155845289245, 0.36607042801250467]
[0.36217607273757246, 0.36151015157475597, 0.3618199197664876, 0.3626848026449335, 0.3615191079934242]
[0.35349502024527346, 0.3541336511244993, 0.3513158480761428, 0.35220325349895576, 0.35308389082029856]
[0.4114984523241227, 0.4128412841319036, 0.41075471888543036, 0.41074096766806534, 0.4110279127201732]
[0.3444566002122462, 0.34102708465801956, 0.3445179920948679, 0.3458517245300953, 0.3449967636019371]
[0.3582599783365784, 0.35721080766057256, 0.35541011480872076, 0.3568526538279279, 0.35673827170651307]
[0.31861509009507527, 0.32487826419594235, 0.32296748299016403, 0.3233275100663094, 0.3236787753696477]