
[0.3866263648275376, 0.39277847022422213, 0.39192328695373485, 0.39090292055757353, 0.39110705752923897]
[0.3661571196974803, 0.36497197908112455, 0.36454951173348693, 0.3644737502720736, 0.3641477982843516]
[0.39670708325332826, 0.39769119342923415, 0.3960610493930871, 0.39758442100583247, 0.3972477556472285]
[0.3910744819965122, 0.38865019121326083, 0.3892101689393979, 0.38820478936397307, 0.3888487341803607]
[0.40460425585932286, 0.4070428370854954, 0.4071500384365256, 0.4090407538433607, 0.40915242818782904]
[0.39868690458075123, 0.4017924649635582, 0.400231077012087, 0.3984344199608266, 0.39975662181605226]
[0.39103845152785155, 0.39556356674348814, 0.39296185425881247, 0.39293672232208593, 0.39230800721270154]
[0.3893282535607969, 0.384657243035199, 0.38762801129640834, 0.3868586439993437, 0.3863773977058972]
[0.38306375202578924, 0.37712571797435396, 0.3809836979773516, 0.38037584206844355, 0.3802042129903911]
[0.3899142742114845, 0.39379745113919684, 0.3924784788735764, 0.39189636210120726, 0.3923799063704711]
[0.3982859139755076, 0.39783385983594083, 0.3973017295009728, 0.3972271148920185, 0.396542542750444]
[0.39903164696184124, 0.3945025275302676, 0.3937880321539259, 0.39464443405924765, 0.39450318174291416]
[0.4054487162218395, 0.3929769696594192, 0.39351758036682427, 0.3939931547825879, 0.39393968517157746]
[0.39652602352964883, 0.4008288286311763, 0.40139091951721795, 0.39920243563549174, 0.39857474334836285]
[0.4160922937093225, 0.41471878262917733, 0.41595716036953334, 0.41635443283406254, 0.4157099317194317]
[0.4207228440915174, 0.4183165280685295, 0.41852360094794766, 0.4174830733751874, 0.418070025807416]
[0.4070575507347546, 0.4080127587292017, 0.4061172441883864, 0.4055025545555606, 0.4059577490491361]
[0.37343101052578404, 0.3763668188580006, 0.3742587006421862, 0.37497883272243954, 0.3737884866292493]
[0.3912102746254243, 0.39236089411474584, 0.39212051527160513, 0.39202553552238034, 0.39203797091963616]
[0.4589003533231379, 0.45490153392802973, 0.45520424022423805, 0.45588126970987813, 0.4549508961556031]
[0.3887136796205088, 0.385647899750937, 0.3861403702041864, 0.38679329153123826, 0.385589833347671]
[0.44242156524941356, 0.4411054908388673, 0.44240821718201145, 0.439786855651799, 0.44179895909059036]