
[0.22557584738444977, 0.2268895334953519, 0.22581851711888473, 0.22644544821454587, 0.22555374157477445]
[0.2287648848300963, 0.22909974763021143, 0.23020452528962052, 0.2298585062498596, 0.23012446797935862]
[0.2168037753240348, 0.21794425679781496, 0.2183760389967484, 0.21871080103547397, 0.2184191970966635]
[0.22112784480972095, 0.2209802463925904, 0.22156511835716036, 0.22199141597157968, 0.2217681974512283]
[0.21008344632293516, 0.21064328586119915, 0.2120889372375394, 0.2106496430107337, 0.20415033383032002]
[0.2150752595744519, 0.21268208005963768, 0.2142952181756994, 0.21554911386562875, 0.21507768832816943]
[0.22638929553008136, 0.22888181466246946, 0.22888972491724033, 0.22783517490670052, 0.22799949338034153]
[0.23111778696686264, 0.23330104657968662, 0.23190809312219982, 0.2323023735094109, 0.23173968189715005]
[0.2059700014548143, 0.20771757575133454, 0.20710744850361387, 0.20875888189510608, 0.2081016986432317]
[0.23574919837024053, 0.2345974459078977, 0.2339380908133116, 0.23456812788878822, 0.2340672987356161]
[0.24500778710401372, 0.24439301095036847, 0.24392356232431808, 0.24385293137262065, 0.24336980685222112]
[0.19809718248363734, 0.2008129531539245, 0.2003247947817535, 0.20018990484096452, 0.2001754385579817]
[0.2469478622583156, 0.2456965982866675, 0.22305154531229254, 0.22188183540793435, 0.22306541059444884]
[0.21305113507527762, 0.21447230524437627, 0.21393664826268385, 0.21397695933806793, 0.21432436305609462]
[0.2600520954284949, 0.2599151071031127, 0.2597949449244753, 0.2607285946804421, 0.2603880716687004]
[0.20765635069799726, 0.20814053234200358, 0.20913429784535334, 0.20783268147426517, 0.20885739171472625]
[0.23426205964198912, 0.23489547096788624, 0.23473807578972578, 0.2353386032690705, 0.20755427147451203]
[0.22976258769845537, 0.23000451541492853, 0.23136800755304515, 0.2309327098570245, 0.23183475227192837]
[0.210559886401071, 0.21286111860838058, 0.21444440252762767, 0.2143554602968391, 0.21388773322449492]
[0.24229836338669655, 0.24246557425399973, 0.2454948229935377, 0.24271951057339888, 0.24330437631761423]
[0.23289777796445504, 0.22827131365086753, 0.2311824965178431, 0.23145570915381505, 0.2307964767265667]
[0.22934627805113308, 0.22819588786880457, 0.2286563165754141, 0.22892122714614851, 0.22827627352534713]
[0.21079748032456733, 0.21062979159894712, 0.20982150365296312, 0.21100433471172456, 0.21095058113124593]
[0.2429719532177368, 0.24629694848079994, 0.24605232735916027, 0.24496878540706143, 0.24550465907721447]
[0.26032611730149274, 0.2612290782962977, 0.2603301586097257, 0.26040643978310735, 0.24685491325149114]
[0.22843970099726355, 0.22787817134711172, 0.22929389616492626, 0.2277396705225236, 0.22843250922118624]
[0.2510663722008321, 0.2514708341166313, 0.25175613275825337, 0.25161643845088827, 0.25139206226440974]
[0.23056012154325686, 0.2310098911081887, 0.23134772808750248, 0.23212275819967068, 0.23142041053512083]
[0.2257070847621396, 0.22366949781940826, 0.2244062082548138, 0.2233390048405538, 0.22443129466952566]
[0.2319215861152576, 0.23114101247847602, 0.23203898470066334, 0.2321015752978472, 0.23220011943593208]
[0.2401340887848697, 0.23981598445778735, 0.23989589705589567, 0.24112175370868197, 0.2410573274491409]
[0.2226078316615526, 0.22350161473954508, 0.22303167165611598, 0.22398121167608737, 0.2241082235386679]
[0.22913977897363125, 0.22902522995841806, 0.22851346666488734, 0.22943677732068504, 0.22901303603942297]
[0.2387962805978, 0.23767534417271052, 0.2373830518245166, 0.23696838589259261, 0.23647008008549641]
[0.2280811907927674, 0.22924278450324673, 0.22876408276933188, 0.2290899633933917, 0.22990623305709498]
[0.213642156275158, 0.21335092724353857, 0.21383588613854682, 0.21436966184008507, 0.21419930627092695]
[0.22940717423185616, 0.23340814010942662, 0.23092378265020405, 0.2311397726278795, 0.2313212672940253]
[0.23374100223027486, 0.22971021286016383, 0.23065330975023302, 0.23177896842543386, 0.23078598226315933]
[0.24195025691628552, 0.2378168263147337, 0.24023313270245017, 0.24008173299336086, 0.23966136090160714]
[0.22450219086777226, 0.22398118726481264, 0.2247898802657322, 0.22475043941363668, 0.22627104322935748]
[0.223701376769373, 0.22490352749818837, 0.2227999342681068, 0.22429016599852594, 0.22427713845964758]
[0.24057371866995883, 0.2393274255010797, 0.2394002308672232, 0.2399330514181538, 0.23968408926476223]
[0.21294891946851655, 0.21338400666966179, 0.214620312097561, 0.2129943522837209, 0.21328198066761253]
[0.2277172675683395, 0.22477200132863834, 0.2249054061649881, 0.22510682913782062, 0.2256630781912683]
[0.22686196549863535, 0.22702483586101732, 0.2254551637962565, 0.22225798136315408, 0.2211085226811147]