
[0.31143495830199064, 0.31186536815827737, 0.311536741716127, 0.31124901657639803, 0.31217413731850435]
[0.28051091735825606, 0.28313077298307565, 0.283098286560445, 0.2822095250961338, 0.28328807097104153]
[0.2963475619384805, 0.29812917164888886, 0.2994938866542512, 0.2998168427518975, 0.29850561103175416]
[0.30948133382345033, 0.30914512781353926, 0.3098307665012477, 0.3094492164465335, 0.3095292631591495]
[0.28955113973947144, 0.2901875587124557, 0.29137997125096243, 0.29081058750613115, 0.2899964500132334]
[0.31472888144076044, 0.3136778155351338, 0.3138876407728615, 0.3130739566984135, 0.3137705197746407]
[0.29828654566962454, 0.29677443286953004, 0.2984511157584899, 0.29872739863059894, 0.29923033636322127]
[0.30944006006100594, 0.3099785917879263, 0.30725280960194457, 0.3094161770510381, 0.3086875064119772]
[0.29730057376043245, 0.2984116597234308, 0.2983941760951804, 0.2978715085083931, 0.2977239306178148]
[0.32146414228847503, 0.32225372943223624, 0.3207677172279642, 0.32266509807341015, 0.32162150747689394]
[0.30512257990238045, 0.30314344935017523, 0.30269647832147345, 0.30339805801046166, 0.3029708881511398]
[0.28843819603812504, 0.2905786131327815, 0.2833775681898329, 0.28422297437963595, 0.28405962682306835]
[0.29576154362433826, 0.295429405972217, 0.2941967240845415, 0.29415082147568, 0.29448760374068544]
[0.3062527170873843, 0.3097377438551908, 0.3094958023886848, 0.3084133445638517, 0.30812322107545603]
[0.2935819031616221, 0.29346021057228994, 0.2947956696739305, 0.29379409967895515, 0.29422266010190196]
[0.2913312635299214, 0.292172210116113, 0.2914974290383388, 0.2918457083307867, 0.2910660023734037]
[0.301318540966982, 0.30668763777392344, 0.30723022498834557, 0.30570952146150127, 0.3072626967309384]
[0.287967165902895, 0.28702942143485716, 0.28664669469284765, 0.28727135602044473, 0.2864864658998353]