
[0.35734137656992354, 0.35563039479043673, 0.3539263754804723, 0.32904035113764285, 0.3291769375646322]
[0.37547057501760894, 0.376079701739282, 0.3773487586344012, 0.3767616861699126, 0.3765714441045952]
[0.33605971475915164, 0.33615858622048794, 0.33611739030004584, 0.3341512806557137, 0.3342321122111424]
[0.3651712992167066, 0.36385727312177313, 0.3634210035338352, 0.3633486721531418, 0.3640303326362403]
[0.3287060706517739, 0.32280323101110336, 0.325823289640487, 0.32378378069092906, 0.32421571695498763]
[0.336478407897977, 0.3352736755369235, 0.3350533746862092, 0.3346068836736206, 0.33521346401377505]
[0.3301246732732053, 0.33216329427862457, 0.32963292390375604, 0.3311293911223593, 0.33072814945264434]
[0.3003795456760307, 0.3010721732003008, 0.3018550193719047, 0.299808991436234, 0.3001730660030631]
[0.3381599992620476, 0.33988075140952123, 0.338372951661268, 0.33872055941014956, 0.33867035739080154]
[0.33583249021718437, 0.3322146572610555, 0.3309984727498123, 0.3259062109970723, 0.32642035429051647]
[0.3636925189362925, 0.36435948326240764, 0.3650018331838219, 0.3647364010459921, 0.36437966764343543]
[0.35226236237118536, 0.35496145022249365, 0.35435329758787715, 0.35466925700284685, 0.3545223168232702]
[0.3511967536279799, 0.3482818026426889, 0.34995413289883726, 0.34895394011047776, 0.3489193288187227]
[0.2975284666190437, 0.2957804449617013, 0.2970198754763175, 0.29586019472511216, 0.2968225412938574]
[0.34065092202073677, 0.34294482868437653, 0.3417726239143239, 0.33210633400182493, 0.33056596921923126]
[0.36886599937070497, 0.3709313294423822, 0.36993064472037696, 0.369710343941594, 0.35327312696079105]
[0.33390249868651206, 0.33823130658746453, 0.3370144089830859, 0.33623506235864176, 0.33573866564213173]
[0.3857257713924697, 0.3860285420031842, 0.36804341566535276, 0.3658506745801152, 0.3666774918717229]
[0.316542913151653, 0.3175289138396557, 0.3182884995949543, 0.31783613399930805, 0.317094919746123]
[0.36092296667384977, 0.35929334488952724, 0.3591844696881088, 0.35808876284175134, 0.35886989373602607]
[0.3225964197488639, 0.32084782184470695, 0.3203323749410493, 0.3200856554404665, 0.32028011490470853]
[0.323178324232163, 0.32328592934051614, 0.32285244009944614, 0.32323645791543704, 0.32360490851952767]
[0.36104942731665807, 0.3582316245007917, 0.35760320260077477, 0.35928089899683907, 0.36016926389546394]
[0.3434439617155773, 0.3423374246706608, 0.34436119445892954, 0.34526154267899734, 0.3463392162882911]
[0.3711519117250422, 0.37002140831186514, 0.3702197645893419, 0.36951471757341503, 0.3698129273937008]
[0.33420813263575655, 0.3342145453607091, 0.33266978801802627, 0.3336022596677158, 0.33395051290246297]
[0.34132492597650005, 0.3394106238701409, 0.3407880748408922, 0.34161446802467865, 0.3409659308473326]
[0.318923588943942, 0.31976845574828644, 0.3193597856046056, 0.32092064990902625, 0.31953820908240893]
[0.3569620433741541, 0.3579842463881064, 0.3570915115965877, 0.3565988694207889, 0.3558617980585263]
[0.40466520938843403, 0.40272047642587994, 0.3999680003198987, 0.40134659131401507, 0.401879419769053]
[0.3236434649648682, 0.32379438801715255, 0.3242395113321601, 0.3248560808543165, 0.3247282045604797]
[0.32590659269514527, 0.3249700945744276, 0.32473921997905686, 0.32534286025903625, 0.3244157939370851]
[0.3488380414044758, 0.3509387067993456, 0.350172936883193, 0.3282695192967734, 0.32815684360778813]
[0.3289486071508079, 0.31896084342272596, 0.31745359075485713, 0.317808760856543, 0.31840572253857397]
[0.37415333734432976, 0.37337247692513614, 0.3753148930310006, 0.37614841306979313, 0.36185892957392884]
[0.3279144360265198, 0.32870910828345956, 0.3282274245336855, 0.3278847723599715, 0.3277649500193712]
[0.3418777197282603, 0.3430466567465516, 0.3420988753392618, 0.34361693160954865, 0.34364907008121764]
[0.34264492273414254, 0.34266657948723156, 0.34384623748303556, 0.3443757007856181, 0.34426657459250215]
[0.35493815930854355, 0.3539549510570057, 0.3549957795022763, 0.3538600115020884, 0.3537544787146534]
[0.3567411788769212, 0.35387141329579264, 0.3549442524914206, 0.3539818781858494, 0.35402197865730356]
[0.33901540781992556, 0.3429009575482407, 0.34350029878614424, 0.34373375058562844, 0.3439181366151153]
[0.3749997473387498, 0.3749499635546401, 0.3376120611396815, 0.3383468718791867, 0.33758623106400637]
[0.3416593824728901, 0.33939442122475316, 0.339811203369263, 0.3403213238132205, 0.34004779568919724]
[0.33119532576876887, 0.3296186889611817, 0.3315091678970056, 0.33140595350637003, 0.33098197770651744]
[0.34129429374175724, 0.34067760467217534, 0.34070234990767856, 0.3408357575712084, 0.34189060001148286]
[0.34047429338987995, 0.33868080945665735, 0.3393272484802153, 0.3379825424023842, 0.33788910248668896]
[0.30921283974344144, 0.3134003936907311, 0.3126456217744784, 0.3143215113305953, 0.31328219283434816]
[0.36601141060692066, 0.36691842077856623, 0.3655566569857719, 0.3656184517921287, 0.36534178581734]
[0.32259872340744467, 0.32221226826419547, 0.3218889915707503, 0.3230227504502029, 0.323112997299583]