
[0.4266310249765525, 0.42529153266137143, 0.4099315403758491, 0.4087901471924205, 0.40882461459898684]
[0.45076553834565786, 0.44747873248652975, 0.4388707280095179, 0.43531816340050894, 0.4375849057194651]
[0.5100755762286742, 0.48890581812804895, 0.4762214976122508, 0.462663399816995, 0.44825531381333206]
[0.38513348414279586, 0.3848974937209378, 0.3837160113158899, 0.3856368189291439, 0.3784571809360115]
[0.3947666263905716, 0.38544478167711543, 0.38706159528520795, 0.38253537652949254, 0.3818235047602653]
[0.404498378241448, 0.40540599653755205, 0.40378054701516114, 0.398953970032092, 0.39346722684960544]
[0.39388951191236354, 0.39503715932347805, 0.3935565811460523, 0.38762795215483903, 0.3858425884884236]
[0.41338039220042294, 0.41724731348248983, 0.41598826173986064, 0.41359745491866406, 0.4099642408732988]
[0.3734573437827645, 0.37281847713861654, 0.372532204045678, 0.3668777813702667, 0.3682830019483172]
[0.41246762538916665, 0.4117926965051691, 0.41071651020003624, 0.3961901367422233, 0.3945319428532801]
[0.3964382967573942, 0.39422434237740817, 0.3964589127938514, 0.3810737897675528, 0.37946215539964817]
[0.37587460818845037, 0.37458915695077155, 0.3745823895716184, 0.37526948516897135, 0.36997793054426015]
[0.3919212341287624, 0.38890836879193474, 0.3877516899626136, 0.3829797407974232, 0.3795500775852151]
[0.3912651742576504, 0.3888869966475938, 0.38780735325114607, 0.3871805697154242, 0.3868468379042038]
[0.4202304084614104, 0.42136874844668837, 0.42155266897733706, 0.4006121166621997, 0.40076090172272605]
[0.4147439295961592, 0.4181485354277863, 0.4176088674008279, 0.41699589809776116, 0.41711164725553934]
[0.3976675285645178, 0.3935817301396749, 0.39244613765858916, 0.3843197427232444, 0.3839242273561286]
[0.36708584176719833, 0.3655920789178763, 0.36603211241934197, 0.3658162562030417, 0.3657137883585397]
[0.3692155142244315, 0.36899548842086416, 0.36903985770488545, 0.3688849690339152, 0.36853976424736934]
[0.4385299773891717, 0.417544949189279, 0.41248028344394183, 0.40380565569374494, 0.40313681332675677]
[0.3904348544469123, 0.3858186520189467, 0.38757068573360515, 0.3841789963349762, 0.3776989081889219]
[0.3874192979065523, 0.38950354441709556, 0.38422898447067433, 0.38427060684669395, 0.3776982105377953]