
[0.4937840531800149, 0.49808679257913274, 0.49616092064113343, 0.49527950222280187, 0.4958701591590616]
[0.45295204163767944, 0.452388862338377, 0.4535954608908308, 0.45435790872806336, 0.45301990981289386]
[0.45730854080400174, 0.4616332879432944, 0.4630863475567112, 0.46014999637093795, 0.4595062427372957]
[0.4619735712598016, 0.4652105929221964, 0.4668274675142292, 0.46615128443313364, 0.4653271934334083]
[0.4884738843858159, 0.48928482432260145, 0.48810917424007516, 0.4875033521368267, 0.4865039729635874]
[0.45486112195878226, 0.4537356526706484, 0.4520466479005031, 0.454515659061581, 0.4541642755008348]
[0.47761825322757195, 0.47998357773910455, 0.48002292174881805, 0.4800297063187439, 0.4786311520995646]
[0.45250269390834574, 0.4517226686740445, 0.4522244679055899, 0.45439422905059146, 0.45505987031838546]
[0.4687800007077511, 0.46743006886784616, 0.4684010666705369, 0.4663176482149621, 0.4680698707669361]
[0.5042013113865625, 0.5051839142814868, 0.5022645387546264, 0.501317874315986, 0.5016461818379346]
[0.41556599600986205, 0.4134430255877075, 0.4139172483857621, 0.41266785991345106, 0.4129748439733142]
[0.4903046731717503, 0.49347595722878457, 0.4749095030230625, 0.4758884673726144, 0.47553670227828826]
[0.4187258462768065, 0.4098763113246271, 0.4082199781663152, 0.40852519607625887, 0.4090306382713808]
[0.504201590315494, 0.504467288205311, 0.5043330159287077, 0.49964451021836165, 0.4996093178064004]
[0.4640842279518858, 0.4701062181315915, 0.46990001483505706, 0.4691195364251468, 0.46810873969513317]
[0.4440014241570841, 0.44205733804597463, 0.44210259840753013, 0.44286809477534245, 0.4441858986030675]
[0.45967313346721095, 0.4591847552303598, 0.46075728390615794, 0.4596427039696148, 0.45935794965356397]
[0.48388827090993314, 0.4838777844355043, 0.4821213357046093, 0.47631777460838876, 0.4781703524816902]
[0.43632087952678816, 0.4384117695810516, 0.4348496734608954, 0.4354002507015102, 0.4354573363868193]
[0.4633246051841776, 0.4626958397682984, 0.46574024276530795, 0.46302531567938726, 0.4634679013559733]
[0.48945798415421826, 0.49250680655363366, 0.4926264544938779, 0.4918080128666244, 0.49286432453006146]
[0.472099742544616, 0.45001254431788756, 0.44961921371023167, 0.4490016652017199, 0.4493918042733791]
[0.45372751373922454, 0.45287858020640437, 0.45850076124497385, 0.4556542674277259, 0.4545407938838594]