
[0.1651028219738674, 0.16439101896035088, 0.1650515982727907, 0.16507996764269717, 0.16470693166308645]
[0.163376586501813, 0.16403581019224925, 0.16475617802082781, 0.1646249176597079, 0.16426379696501128]
[0.139238668849525, 0.13906477592792105, 0.1395053898415716, 0.1398910005523123, 0.13945688053459665]
[0.16202604597897013, 0.16222044361504587, 0.16211880894202912, 0.1604341441910868, 0.1611719496602566]
[0.15051333711541193, 0.149562202435292, 0.15049908588087532, 0.15063474226146412, 0.15065683658135215]
[0.16626200598271612, 0.16614061027782712, 0.16501407768116186, 0.1649683412362091, 0.1656613249611314]
[0.14684769117421925, 0.14652001717913943, 0.14679773513508987, 0.14708791970124868, 0.1471016485351094]
[0.14665418393860807, 0.1470603451018082, 0.1478528091081087, 0.14749497090463506, 0.14714878301494552]
[0.1498993816888875, 0.1495746257983442, 0.15057102184676519, 0.14986137444917194, 0.14966862000150633]
[0.13526591186189238, 0.1371020471992533, 0.13621654601817676, 0.13591125419231517, 0.13606366803828807]
[0.17237785678238965, 0.17162625066954612, 0.17127625222456255, 0.16885213805780064, 0.1683116044115978]
[0.14040098685560187, 0.13735897444005524, 0.13924283368852863, 0.13842686278485933, 0.13862373835200767]
[0.1573544362744742, 0.15687369500679146, 0.1559460871121475, 0.15627466300913642, 0.15606041203012]
[0.14372997299162726, 0.14424890572316634, 0.14402910369035526, 0.1438186583348057, 0.143933332138153]
[0.1522480073673528, 0.1535859577937277, 0.1553399235932317, 0.15434090145022236, 0.15466467480733487]
[0.1419077150138928, 0.14016888516967538, 0.14116389647976402, 0.1410107104919928, 0.1414801102178895]
[0.1407892417047595, 0.14137938296530822, 0.1407988592235796, 0.14005389407865082, 0.14037159245361064]