
[0.5044363465544476, 0.40582999318258073, 0.40750972628684534, 0.40807588754675483, 0.4080116528465042]
[0.4479507765463984, 0.44687829814703145, 0.4486401107049171, 0.4498153564248129, 0.44843931535338777]
[0.4522013303581254, 0.45113380784139057, 0.4468525353021646, 0.4231897858179677, 0.4223094641951185]
[0.401644914987683, 0.40271070139962156, 0.40100026643814496, 0.3998405496627917, 0.4012886420424676]
[0.43060095733909204, 0.4293088476472762, 0.4309854156472495, 0.43065298160654153, 0.4309744921993399]
[0.4085543748641028, 0.405566445580412, 0.4050370964993825, 0.4057466959286449, 0.4059919248920865]
[0.4588907148125778, 0.457903508002624, 0.45735165642054243, 0.45568898417495785, 0.4149820271439785]
[0.43921726230278574, 0.4359508828208925, 0.4373095373746914, 0.43669296495408483, 0.4354658866181327]
[0.49638119476773457, 0.4343270853139317, 0.43522929052189013, 0.43461864817922463, 0.4368979718429483]
[0.42514619270637877, 0.42466057301434224, 0.42703340838171955, 0.4276436896290166, 0.4264833918011418]
[0.4760106962657648, 0.4442795924311651, 0.44413777220915607, 0.4446151167278558, 0.4437361232216048]
[0.4752829348563414, 0.47733491134408645, 0.47432585909076885, 0.4769794686621896, 0.47514557896343257]
[0.4748567847594864, 0.47426821902863286, 0.4757013900184825, 0.4708375388942663, 0.4712711657972201]
[0.4703999802980067, 0.4710331948415532, 0.43784036441689067, 0.4415822123633584, 0.44127490273503434]
[0.42955127322219994, 0.4039452631005112, 0.4033202453306828, 0.40461697173465894, 0.4040440825849782]
[0.457748584468632, 0.45327235056963106, 0.4547916756798281, 0.4527240848353266, 0.4528433792870014]
[0.4232518586824932, 0.42448919293063253, 0.4214281487625175, 0.4215775235287702, 0.42185332702921774]
[0.44716097407929706, 0.41330249416452675, 0.4122995674837723, 0.4119657223104308, 0.41351449323889666]
[0.4249083694226672, 0.42262639209328295, 0.42234545077490404, 0.4171000604262787, 0.41582944422266305]
[0.4457764160320881, 0.4362614938249581, 0.4333499027309889, 0.436348874748621, 0.43388494241244835]
[0.47465630625537475, 0.45678445747137786, 0.44798055689923333, 0.4489652244508745, 0.44904176465512763]
[0.40064565153901566, 0.40457598241464965, 0.4048179335505032, 0.40422141469616013, 0.3950113484876533]
[0.4487668329791802, 0.4039079402405906, 0.4034241244562523, 0.4030223470789541, 0.40306140173876903]