
[0.4842346859292734, 0.4859941189767088, 0.48907183327110804, 0.48759060617036104, 0.4869364376488274]
[0.47558928968081426, 0.4688865986185981, 0.4679091308418532, 0.46916036571407843, 0.4604245186754084]
[0.4638575745644692, 0.4633383350340761, 0.46447471833234033, 0.46336919048960035, 0.464634539122055]
[0.5078534493135087, 0.5074978293628042, 0.505218599389872, 0.5065130440045602, 0.5053838346028082]
[0.511671041234944, 0.4986664663812917, 0.4963222240472864, 0.4971804983446619, 0.47152424718705754]
[0.47941331447296476, 0.4752655523780201, 0.47370125528205514, 0.47445609299857594, 0.4754195173480933]
[0.4748500392369302, 0.47644077510963023, 0.4711779369318579, 0.4714678149416968, 0.4655064976587237]
[0.47689666694286637, 0.4785209420898494, 0.47734329588330165, 0.4778341260719297, 0.47759369450036154]
[0.481641271121005, 0.45744784961265056, 0.4556851275470237, 0.45641383126536206, 0.4564128886741728]
[0.5072180077081229, 0.5064616458379395, 0.5092938548990459, 0.5079709999904066, 0.5083818083492395]
[0.4855440103705799, 0.4880941071160839, 0.4890700744916776, 0.48798960486642473, 0.4877740296501964]
[0.44531065284420124, 0.4470314867486374, 0.4432308939912209, 0.444514233077014, 0.4441254641402959]
[0.47798005136759636, 0.48084612456893117, 0.4797713014089659, 0.4803464601713064, 0.4804966423189407]
[0.46628883985083464, 0.4677319085850775, 0.4689216937567241, 0.4689043388946499, 0.4673878963142119]
[0.49612640637238625, 0.4966912431039442, 0.4960170588156792, 0.4933980270002733, 0.4952741411693587]
[0.4811845389441547, 0.48308376249649637, 0.48272961435302536, 0.48415739241652483, 0.48392919349830726]
[0.4303425434947701, 0.43135854746092167, 0.4279475975888817, 0.43070058918151694, 0.4304020772184678]
[0.45806548583838835, 0.45724103725694226, 0.45794887999374767, 0.4572221259536991, 0.45807641338820454]
[0.4666318638114495, 0.4640458975854291, 0.4646764123399234, 0.4652027039660542, 0.46580625746106796]
[0.4455995735824272, 0.44430552325716205, 0.44481739621714433, 0.4450298279021485, 0.4444719515180021]
[0.4612618637289841, 0.46115934431739414, 0.4619069918528751, 0.46092979384360516, 0.46109844379512244]
[0.47480833584764787, 0.47267037084815994, 0.47050362138816, 0.4712784341214459, 0.4717766835714163]
[0.48883597662210154, 0.4878314448408545, 0.48801224954076283, 0.489076571873384, 0.4905883436592964]
[0.49000390455546516, 0.4940551291722989, 0.4958078703345339, 0.49413928483160163, 0.49557312367402123]
[0.46523165794270266, 0.4649541146828655, 0.46835364958219505, 0.46641929132797194, 0.4671790319965617]
[0.3984927262867614, 0.3981272478815546, 0.39695152708418907, 0.3980020011361334, 0.39818038716467147]