
[0.3386186907741286, 0.2988313479034885, 0.298244284388314, 0.29784968808775686, 0.2972778979773598]
[0.3004613337709348, 0.3009907307285521, 0.299301222927818, 0.30042728948014963, 0.2991400194252125]
[0.3268308250275552, 0.2883914373708011, 0.28681082292608984, 0.2878513242348906, 0.2873155739538142]
[0.3631761312719307, 0.34680448211749487, 0.2983563760897843, 0.2976559400279786, 0.29723013425719]
[0.30494796150186765, 0.2974672755022282, 0.2997200124021917, 0.30085712360371003, 0.2990374900253658]
[0.2807107330363126, 0.28354361864530947, 0.282372127146688, 0.2806523170134643, 0.2813023395473189]
[0.33254090791089924, 0.30489790619266527, 0.30699377922315313, 0.30615752052902706, 0.3063599000528223]
[0.35954783556591996, 0.30602770152532127, 0.30423277669738535, 0.2970653885815621, 0.29774518097873826]
[0.3079502920258476, 0.30933195852681433, 0.30978491857247437, 0.299704956064059, 0.29911624634732703]
[0.29292189961252124, 0.2947913291682276, 0.2965472902379344, 0.2945275225054469, 0.2949872536197531]
[0.3274862248705357, 0.29883787131223066, 0.29761223852050367, 0.29981259506062896, 0.29994646142653764]
[0.2912819917245084, 0.2882556085666208, 0.2876104318178101, 0.289745975646998, 0.28815437536536964]
[0.3156811666013047, 0.31507312368285384, 0.31540710258607585, 0.314502539628195, 0.31435494115466234]
[0.2981072533621313, 0.30203169552866677, 0.3016623511300611, 0.30164161205920126, 0.3018936967687934]
[0.29059910940397676, 0.28894551874536445, 0.29006587031879566, 0.2872674307500764, 0.28725549787776444]
[0.3136767533199147, 0.3135199975200773, 0.29796546992072953, 0.3003042038902558, 0.29956295364341023]
[0.30200860771242766, 0.2975170562106345, 0.29708230237602856, 0.2978494114974982, 0.29781183758103275]
[0.3032731397279762, 0.30474266798739524, 0.30328912034926125, 0.29262136911505265, 0.29199001329924285]
[0.3238596885352339, 0.28944089509140075, 0.2915349030303199, 0.29153087659139876, 0.29152994515434705]
[0.3061892116360456, 0.3027653548403678, 0.3015698072272681, 0.3017781483589928, 0.30147409957837124]
[0.2870330604932052, 0.2858556717854592, 0.28517519093360844, 0.2834170754337738, 0.2836323572939901]
[0.32265656878356125, 0.3296179140366859, 0.32915508154379763, 0.3278949454458123, 0.328125811186851]