
[0.4343222906114456, 0.437497635706652, 0.4398354001416714, 0.43802077021706853, 0.43721068726978496]
[0.42737289810193946, 0.42701814951241734, 0.42477173804268675, 0.4264119327075813, 0.42578758532219424]
[0.43681720588476425, 0.4349630777245681, 0.437348291183927, 0.4365939217324, 0.43590161476945083]
[0.43178547943960743, 0.4318604695192713, 0.4325878867738576, 0.43357805737818195, 0.43369193940545]
[0.4201276396250837, 0.4206794656622417, 0.4192876146764586, 0.4195862518811495, 0.4191773412007758]
[0.40339429007919386, 0.4034740162543825, 0.40266655286190395, 0.40380587509265503, 0.4031160971328541]
[0.4304157017462567, 0.4146182550394655, 0.41079808195872214, 0.4124835589348475, 0.4134212167878919]
[0.4428298434695868, 0.43961432502478925, 0.43967158118958205, 0.4344205066550338, 0.43512326968623954]
[0.4131432338729854, 0.41332973017155367, 0.4134433089071217, 0.41441881311704853, 0.41445387959682234]
[0.4191710271334559, 0.4197678454495946, 0.4209866328037162, 0.4182964239878038, 0.4195134509308356]
[0.4293239168886345, 0.4294852975445238, 0.43076004354930086, 0.43057760178247756, 0.43113654208255336]
[0.4490173581591355, 0.4478809162947564, 0.4139189644113132, 0.4141627492398812, 0.4144551756934002]
[0.4115680685416421, 0.41274998802519847, 0.4125404093812882, 0.4094493183805387, 0.4095832285781152]
[0.44139979191001083, 0.43986925554683, 0.440959101189876, 0.44161718451086823, 0.4415565163451857]
[0.4110114713767367, 0.41030539958695555, 0.4098986349212141, 0.4088641338436337, 0.408759567858801]
[0.40184451474205357, 0.4019088991773756, 0.40226204287404366, 0.4010652017091296, 0.4020527707786661]
[0.41563181768485097, 0.41392509787078274, 0.3869260426711207, 0.38761728080886376, 0.3879098693987819]
[0.43194975686479226, 0.4306274788517564, 0.43077366258189115, 0.42887333924864074, 0.4293711624556314]
[0.4263917688563023, 0.4268086113146392, 0.42708304926256424, 0.4277541855660499, 0.42775720722542915]
[0.3757180012988608, 0.3777734903859034, 0.38048957539455885, 0.37853994112648387, 0.37869732387913346]
[0.4102764689240364, 0.41318302408358193, 0.41354319335331174, 0.4111406518910739, 0.41123487121860475]
[0.4001697738891437, 0.4000703342544073, 0.40223095437428824, 0.4002495660669402, 0.40138131743033206]
[0.44471950898782797, 0.4471733347369542, 0.43515877673274306, 0.4353201162711075, 0.4357772476173051]
[0.444604898633713, 0.4430481338606915, 0.44513417360701035, 0.44368289868365124, 0.4456720234870654]
[0.3922620106079045, 0.3886507867795007, 0.39202730412364806, 0.39041599200605576, 0.3900959648488219]
[0.41615101709298424, 0.4191336559780345, 0.4196472929680151, 0.418520593175636, 0.41865832378839934]
[0.4091854442680741, 0.41067605754871045, 0.4111342588745234, 0.4112492198930605, 0.40586736629114417]
[0.4298565424118182, 0.4275598559736712, 0.42914468634680886, 0.4293737662314558, 0.4278918532920862]
[0.44897788268966854, 0.448330892711984, 0.44903593734393743, 0.43780029479161003, 0.4362213507027711]
[0.4022448457239963, 0.40698092394153873, 0.40702277698288064, 0.4060689442407708, 0.40617977312720144]
[0.41554134424636363, 0.41665707546473757, 0.4159583900611171, 0.4173236430627011, 0.41665450154395983]
[0.441122363922366, 0.43922436203171517, 0.4392270616416234, 0.4397143748718697, 0.4391630570552357]
[0.43019550737213574, 0.4261903471456672, 0.42721420625812034, 0.4254702648576994, 0.42683655156694705]
[0.4240203410312099, 0.41814710134006744, 0.4182927141418299, 0.41809420101797284, 0.41617225726920865]
[0.4534193087283897, 0.45256144239421825, 0.45355158706420035, 0.45296137050985225, 0.4527860330693627]
[0.38234955132655757, 0.3855513360692561, 0.38411922172602025, 0.3832789407223668, 0.383763291663169]
[0.4019564237075714, 0.405012866158805, 0.4064863740340201, 0.40598609507644307, 0.40646389594410176]
[0.41041858417967825, 0.4154563220205502, 0.41447840901510147, 0.4143382238765476, 0.41372010471486426]
[0.42790446185298286, 0.4269658370061355, 0.428493762760295, 0.42857013585451337, 0.42896730264448885]
[0.4228658723383203, 0.4261556219042595, 0.42371616100344617, 0.42351288106456386, 0.4249858838597221]
[0.41059074405127927, 0.4106766715965779, 0.41068151536003633, 0.4115944378104404, 0.411027024082538]
[0.44107914550194005, 0.4366614045280848, 0.4372599022759719, 0.436926287104634, 0.43743500757874093]