
[0.2686610852627251, 0.27016888090498914, 0.27200913079834893, 0.2699217673827005, 0.2701618938414023]
[0.23236068594624912, 0.23282978418532357, 0.2326558474316228, 0.2339088015270293, 0.23409920980379328]
[0.24784772475622185, 0.24729060107341258, 0.24718066564947316, 0.24630702585780004, 0.2461782541176867]
[0.28048739354865043, 0.27451857704438887, 0.27463450531482836, 0.27309690747576276, 0.2751947327259921]
[0.23823010667690214, 0.24172074295993368, 0.23915189222797126, 0.23851616948023968, 0.24066458404862054]
[0.24891118695859366, 0.25090650283335253, 0.24999226698656496, 0.24008126204847996, 0.2408801280380029]
[0.27748706511184457, 0.2564349306704804, 0.2573716984085403, 0.25903050682510986, 0.25820189054204773]
[0.28074917884733247, 0.2799872058052842, 0.28016175129465676, 0.280660978116078, 0.25875764060774037]
[0.2303429080818273, 0.2322133914188045, 0.2317423443304784, 0.2310402828504373, 0.2321724756229141]
[0.24473394253667455, 0.25028302149748605, 0.24749153387637535, 0.24809141962302123, 0.24773037044812646]
[0.25205643124876326, 0.2482392507539025, 0.2414079004800733, 0.2435004939087309, 0.24415365161914776]
[0.26569176566481156, 0.26882271574064065, 0.268004349563841, 0.26817734494226353, 0.2676525923064321]
[0.2592989797331297, 0.26117360299656484, 0.26335540796029877, 0.26407302479136024, 0.24657177479911094]
[0.26145901351636086, 0.26233270710695467, 0.2628206200290815, 0.26321276859341614, 0.26128855095860626]
[0.262899362199773, 0.262543405096772, 0.26201248272387045, 0.2600110603653891, 0.26049399760417796]
[0.2403581502308064, 0.2450833499424036, 0.24364413549921582, 0.24300583804074793, 0.24167643423622315]
[0.2588546679652467, 0.25696812587940504, 0.2566913572407475, 0.25706173686421857, 0.2574541320623197]
[0.282765418383303, 0.28338025884436185, 0.2837553565923708, 0.28310443296825044, 0.23968788914684924]
[0.22576312611880364, 0.22699181523560846, 0.22509487086913657, 0.22679307464045517, 0.22568314061732495]
[0.26074191046660494, 0.26367396109084845, 0.26338483973197085, 0.26361054877391366, 0.2628244811734252]
[0.25731019549535156, 0.2568994435001998, 0.253443259084532, 0.2379880139101494, 0.23642874803339967]