
[0.30593950433077594, 0.30891118252678296, 0.30819781481671193, 0.3089088712801257, 0.30744815131184683]
[0.3149520203999902, 0.3144943541230203, 0.3153593038031158, 0.31545504557636456, 0.31502342620343]
[0.3331649826948528, 0.3329176884841412, 0.33325368497081426, 0.33198869923289775, 0.3341307878686853]
[0.30796662445029116, 0.30409487507321725, 0.3033551210592244, 0.3057566644664539, 0.30354070691982027]
[0.2796921423689659, 0.28331099296433826, 0.28234512603844736, 0.2821754419057366, 0.2811786324096904]
[0.2906424391432683, 0.2880472553171928, 0.28604618666034826, 0.28599892020322504, 0.2863478333081172]
[0.308336798339195, 0.3072613449356334, 0.3064545766160033, 0.3089441950680762, 0.30903261022252865]
[0.29614014989432963, 0.2968509987687026, 0.2957787113396432, 0.2954215379225381, 0.29591299046405384]
[0.3148724074494536, 0.31622022203404254, 0.31622829728164603, 0.3162723009497702, 0.3162831730810108]
[0.3354482999929368, 0.3271489387836501, 0.32852647915307887, 0.3283284235538289, 0.32833934968571815]
[0.298185893393133, 0.2780352779267271, 0.2785804459697137, 0.27843279985845726, 0.2789131685001579]
[0.34434707966995154, 0.3416542199580935, 0.3444894168461659, 0.3434953058165926, 0.33629555146958445]
[0.31208919753924036, 0.3136307209361474, 0.31506065377242487, 0.3120919902499042, 0.298160058770951]
[0.3059818755596179, 0.30706883244236066, 0.30709736989191, 0.30775130984702714, 0.3071774117553623]
[0.277992084033664, 0.2741493858671909, 0.27508783885484794, 0.27696903312629334, 0.2762056759550333]
[0.3197660719013492, 0.3166178161156377, 0.3179947896905596, 0.3193569191475192, 0.31879257718472875]
[0.3118174960752143, 0.309170608698134, 0.31032198908453806, 0.3111301418287101, 0.3112754218484634]
[0.29487268291980817, 0.29597482801350034, 0.2955062552321652, 0.2953935080509662, 0.2944183669339347]
[0.2924744487524596, 0.2903166615177433, 0.29120189161849414, 0.2902864647239091, 0.2915861246544109]
[0.3251078974920378, 0.32644874750508457, 0.3265989744202301, 0.3242564346778605, 0.3243562047656186]