
[0.3696243931501621, 0.3702749902443974, 0.3704357736188461, 0.3699496900359934, 0.37000027440471206]
[0.39707814818955406, 0.39691865448965735, 0.39453386843504645, 0.39653721042603196, 0.3962450745612024]
[0.3624054805713725, 0.36140311862084595, 0.3602116374816877, 0.36141331534987986, 0.3621589966346711]
[0.36151677760843265, 0.36220721633893116, 0.3622898968931314, 0.36311230527621435, 0.36318187670590835]
[0.366829974460748, 0.3647801611837926, 0.36226894074568255, 0.3622681811804174, 0.3625709721044398]
[0.39274546697404855, 0.38944293088209275, 0.38890729437637817, 0.38883978718966833, 0.3882702327429628]
[0.38124110773575626, 0.38287928464398435, 0.38120470609675816, 0.38297461025758284, 0.38189658188221326]
[0.34539835420872933, 0.3488581785492934, 0.34863195458911284, 0.34990223970210915, 0.3501320375166273]
[0.3567070033826592, 0.3563384990521596, 0.3574117619338573, 0.35703219688637333, 0.3585070832380789]
[0.36828090190252327, 0.3720366039228689, 0.3706298468649979, 0.3700117159503735, 0.37000761611699795]
[0.39024933967199493, 0.3894456344558401, 0.38958539110300927, 0.3896911823200048, 0.3904315905200174]
[0.3770453700680899, 0.3784859849403944, 0.3789743222066496, 0.37776016916606436, 0.3773039848894241]
[0.37909649043974963, 0.37353145965137147, 0.3737538643019472, 0.37391250160902606, 0.3741532839363152]
[0.38722377263947844, 0.3861049224411622, 0.3855988529541048, 0.3836276265259715, 0.38512483437396694]
[0.40649072575398315, 0.4090563340115336, 0.4078602796938444, 0.4078062675135142, 0.40639961546827613]
[0.378978895337705, 0.37968578318301605, 0.37974102104348945, 0.37845209492518267, 0.3802582443549955]
[0.3654912726821864, 0.36531354581119807, 0.36650833403738714, 0.3662751987588444, 0.3657730715578941]
[0.3551521844486351, 0.3544454867173038, 0.35402215331948245, 0.3534081685853874, 0.3532130062693914]
[0.3596651577946981, 0.36720078315354615, 0.3636166323598757, 0.36486699937660155, 0.3641249044927134]
[0.37757679305285247, 0.37699541736619663, 0.376644575902093, 0.37703990723307135, 0.3785481041782664]