
[98.76874181217069, 1.0021828982877687, 0.7824281412562987, 0.7370891069170926, 0.7269835423851588, 0.6987442677926642, 0.6614631650449478, 0.648633679641175, 0.6422950234731327, 0.6423619176460594, 0.6419164181060968]
[319.6763103515577, 1.0011409882572155, 0.6771558752883982, 0.6572684868337056, 0.6469773844935207, 0.6430967724367569, 0.6415681943686626, 0.641885797920025, 0.6422027708724191, 0.6426807702586342, 0.6421975390975513]
[332.28041861483104, 1.0011307672605922, 0.7863479923609827, 0.7399507890097984, 0.7295804077517342, 0.7268100915936296, 0.7217533517900859, 0.6909085177228089, 0.6520503600980379, 0.6448450475231683, 0.6430474939615181]
[334.4552641006197, 0.9307215454182345, 0.7431300688537246, 0.7227718743299016, 0.6820692536934062, 0.6511138465827657, 0.6434051210581058, 0.6436976140305405, 0.6408333048233561, 0.6423445744772251, 0.6428486317512913]
[124.59134657505942, 1.002273514930231, 0.7879622534338261, 0.738288228441423, 0.7318680672696365, 0.7295018739544586, 0.7263696350242466, 0.7219910275633913, 0.6976266954787292, 0.656996958495451, 0.6446075816263896]
[338.3735844999037, 1.0016183475670202, 0.786064859552531, 0.7383411430742304, 0.7284301261041403, 0.7308676582066659, 0.7196290735001553, 0.6859386216900147, 0.6519251614722092, 0.6434533550345258, 0.6434786611718203]
[296.5300931353203, 0.994744554749563, 0.7904500067041524, 0.7383407812952171, 0.724992505151292, 0.7192756586213298, 0.6786748167806017, 0.6478177769950709, 0.6419000205868857, 0.6407769277544569, 0.6418114679077078]
[179.48642218038447, 1.0059423549700717, 0.788690556478813, 0.7422655960283671, 0.7308118531417408, 0.7277886888182282, 0.7276245963172561, 0.7119531906943696, 0.6730261001546054, 0.6487173237451165, 0.6428128915271379]
[514.7176505885341, 1.006680926393416, 0.7886683087406217, 0.7351252958967077, 0.730471838736357, 0.7317214665549394, 0.7199456345126656, 0.6930188058932194, 0.6563279828736309, 0.6444312430374446, 0.6433480473921428]
[275.2755531949168, 1.001978695581714, 0.7843015317424888, 0.7429333220897348, 0.7334260766812132, 0.7287815846730277, 0.7190459077957769, 0.6908614360469585, 0.6545807777616852, 0.642691012986175, 0.6437405316375624]
[157.0058287366544, 1.0061561222675122, 0.7870534420424096, 0.7386505314973763, 0.7284933974082258, 0.7220755264389216, 0.6878753442595166, 0.6497659635633483, 0.640901336942819, 0.6426198286558323, 0.6415964542115233]
[473.8363758132461, 0.9993390793941686, 0.7835208749976841, 0.7381757603300761, 0.7298630263723074, 0.72602784330919, 0.7212586941761195, 0.6909301768504242, 0.6524125956707026, 0.6441902463077833, 0.6431902913275158]
[287.7975297002393, 1.0017856160366865, 0.785025316683419, 0.7407940880309558, 0.7276774526905613, 0.7195070204311238, 0.6877706717132755, 0.6530643272517996, 0.6456440440016618, 0.6428597971261552, 0.6422305172993313]