
[0.39530706482424005, 0.36879291049600404, 0.4133201002091532, 0.3742653875604492, 0.3646161962415382]
[0.4253178897382126, 0.38126957970225994, 0.3728327203564486, 0.36871895702458163, 0.3700663787384256]
[0.37039135923747224, 0.4639607325151197, 0.3986174282383067, 0.36060057724595723, 0.36571408852303006]
[0.3922791829068518, 0.3837560966649494, 0.3661457923008422, 0.36696534538581066, 0.35997024058585037]
[0.40645788721334336, 0.35986487702441694, 0.3653532273089198, 0.3606846024126213, 0.3614069409607476]
[0.3729357398442981, 0.3601006464342468, 0.3726757097130239, 0.3593310126206686, 0.36584976394312946]
[0.4085589435669735, 0.3721276951609257, 0.36372372626417765, 0.36445450243490884, 0.3715328561233566]
[0.39810609826757476, 0.3865016648922616, 0.3683360975268781, 0.3651047444444639, 0.3619973316754703]
[0.42226121124934507, 0.3798240486601515, 0.3628826312117613, 0.3636573252155957, 0.3609595677681901]
[0.4037383426794858, 0.4160302989935694, 0.36814609681709864, 0.36777511664389706, 0.37802507718400624]