
[0.6879592962378143, 0.6839863706714703, 0.6733182984392714, 0.676673769417465, 0.6757278654704103]
[0.6958861895551547, 0.6854532587129948, 0.6808784370667439, 0.6764875729262462, 0.6789233747810388]
[0.6825574692529701, 0.6814747896902125, 0.6808776402471209, 0.6796358268975452, 0.6828455876450826]
[0.6919127449743074, 0.6889240985673638, 0.6832461399867259, 0.6788338611592151, 0.6756111170573935]
[0.6825046447384288, 0.6886570868630213, 0.6795644620502969, 0.6830387534747463, 0.6805532178495047]
[0.6905569924688258, 0.679824541930506, 0.6770042012903769, 0.6842949212693847, 0.6801821617249315]
[0.6978007480512818, 0.6842172742485377, 0.6748841445482192, 0.6776179405551027, 0.6742083883965361]
[0.6827743340289296, 0.6704069407405644, 0.684046645679983, 0.6787098765000792, 0.6782935685362403]
[0.6991991896347123, 0.6760491389266594, 0.6835865290654913, 0.6826241146688748, 0.6827134662985687]
[0.7065059035682278, 0.6842860640131535, 0.6804777696829173, 0.6845385251226908, 0.685855176887554]
[0.6880847949555037, 0.676572062562988, 0.6763935545013737, 0.6842887354301901, 0.6829429725103975]
[0.7036281106690583, 0.6867939966274617, 0.6861202063570914, 0.6880898217428568, 0.6772073245292966]